62523061
154125871
1812505621
1454269321
367576901
565896011
417269899
1313074319
1781952281
1869530381
497684459
279228583
1361068453
1922213123
1764317677
186966419
459976817
355794937
666892003
1677813437
2044464299
236340673
991703893
1465949477
1102360657
1967296103
676419697
1707127141
1141644841
765530291
2053016153
945233593
394129247
663488269
492050483
940184029
1119327707
1703456927
125289821
1738659959
392303759
2140181839
164270287
1203344033
1185524531
1909907977
1257090061
395080943
631304029
36716171
1746583673
862351507
1979070007
635530009
2101513573
1359998933
92851571
323102041
341701739
1406039617
992463541
2085777077
1025658983
1201843751
498691561
944017201
1426835441
709045889
654966523
809444177
1564617503
1442084921
1335311911
862277917
461387141
1329043421
112094621
69395063
2038662727
1096776173
250022537
913656979
1336559881
1040391881
2104470691
1517609887
717824417
409044821
1682811047
1296753779
480457699
1398147227
760796683
414847637
1077431041
870529787
2136688769
30079463
1363722749
538014023
1607276513
2089819001
1354365319
1575447733
325100257
836898169
941567953
1959737053
1517283553
2041484663
1628427583
1377873767
835145609
1631591407
1260919493
1405469869
1550918081
1397928817
1965661813
1419736261
1654976311
1272613033
252077767
582169993
157192873
1479316739
505557527
1155241859
1555096687
236699081
25761157
130222049
683675093
772689859
1970221499
1857215027
1288203457
940859473
118001353
2129313601
352360409
1268686301
1990382137
2072145701
1648523509
1063778941
746072741
2026288151
2135756299
1240271821
1343930479
1999278587
1307567659
1659575681
74822477
170442953
633064429
1830170389
1515390827
835531111
1778916701
1493613001
878240977
770074537
457742111
1505097889
17470111
279038803
839752889
1647056869
1291225357
959857313
1179665183
1848841199
1465069997
1981843657
858441169
663595711
1133887973
1231001843
382340831
1895988859
8649491
1330068977
1857969353
1710392617
1910111807
2014966817
616918067
1130255311
59963957
320953439
210986927
913791079
587980271
802930741
1579940113
1377668063
1400630921
1948303129
246551471
1487766421
1552996829
1578053501
1148056159
596815717
1277004679
477519649
1419676157
958124021
1739942599
209437387
1921944971
2007157423
1877127907
412762699
365631619
1434752399
1818207637
771936169
1715349703
511185509
1016405693
537605099
1728126821
692019899
1020824159
1369680371
1787009347
467945017
1036272617
1663375187
1050948293
1237125193
39373969
1389621671
1104317723
1146519601
1916513953
1880365651
214617943
1691177687
23991259
1278000949
861517219
1747675091
1232604773
1030821149
756022081
1645885499
1130843963
897603661
584380919
207667613
1401943451
1816654709
1067472547
1418934809
1210228021
1648871321
1665765889
693316499
2063483393
1781458417
575597797
1108284257
255937249
690706351
1697097791
1522799489
260651299
1292993249
104048327
173774431
1332091903
216233027
259603573
1039966523
2040530321
863450747
767670419
26762833
1773307969
1576855283
223196443
68632957
721823777
973684037
1428229931
1409350141
974772521
445334639
907342907
1525208369
50565901
1493630381
809841167
676211
1457315479
2058341473
948538141
1087967501
1972235803
1438943543
1243829897
922371319
1304242001
12669493
498278237
628355879
463698049
1238866513
1555218703
160461599
1570922369
1298776399
898307141
2068930531
1009624159
2000047307
923981021
807132517
42863129
1438600117
418712513
2013497777
732570989
110761943
474122111
940034717
1691758097
1643460563
1202851043
941619929
1000045379
526273679
1715760569
1849693999
463152869
1808608147
315993709
116525051
1653074669
1526300849
1728501829
2043529193
426326819
1362891713
83266273
1455928189
413040851
869713129
1512196577
1406201959
876951221
1616859133
328433179
1455201509
1514775359
1264583923
1384139191
674012699
89944781
868579123
1813225181
1943112911
596649847
2037220697
526439171
9043121
155758991
289414043
1393970623
1627624619
865644259
550660823
1908856123
717072443
921376073
1831306019
318181973
696940813
671813357
638987773
1284203623
1286323417
636357103
1094974861
249364447
503099881
1729454369
1681729667
628932823
1601806937
1643219951
87350047
1776959603
1678170947
452055977
644497351
1036457701
1951578659
465769511
801198991
1859745049
1442742461
1514001961
595254073
110629823
537797279
1541674327
1733360533
657154933
114167737
1428608327
1052666821
1578703783
127857887
1482836881
2051101147
1111102679
1787807849
144449873
2092622659
773157521
939294607
2123101727
166346911
1898769947
1480622137
1228466891
881636641
589274603
851155177
1694252281
1065779023
1095621193
1845577039
695587661
940603241
1799994961
782960249
378691
1112801071
700973437
1065383519
463569251
247097597
409614229
1972945333
750387037
914917643
1269110501
365450447
94695983
1204794077
89799067
1774661419
466008239
702106921
196303951
639000763
2036356859
1417727603
493784359
1881409259
1521155651
1692050597
530688161
240222211
1028811713
1184263039
1355519873
971817421
1186106627
2128127363
1776106051
633188557
914394409
1805113801
1712064413
309452383
1725081019
1237935331
1470280969
1213115693
1184818091
873387881
17025067
2114319661
406993799
1503489899
1312197421
690256601
52974563
1720950793
1111208713
10244513
575298637
248984947
542264941
1808945819
1237623523
199225937
1223524639
1322553251
107627329
1331081797
1890734519
931986049
21320197
828564557
457105823
460621957
706981831
870067603
1459120843
1155535193
1869509981
2134193911
2118674407
131419549
1695638311
381407567
879012553
996161501
1105329937
970644443
1640132311
511248169
1932570533
1436230633
1310323447
737699899
1815664601
909247919
468339931
1390188091
7348157
1851582347
1988613661
926784431
1808052439
852891661
1519017103
1669487507
169379803
779960677
1791981047
1065652849
499315937
430544407
2109251279
1509242963
782426917
1609693223
288098821
2061072499
1306903063
822640069
1746837577
1741723897
925940713
624388403
558417073
1770051461
396857977
389544713
1697406499
455281447
1054888487
501284071
1508199509
2001274757
2137709543
1813742443
21503617
1838365649
1492427843
1193286961
1134013093
243560549
1529670209
1139469503
88793651
1903654751
435921929
1170318379
667585417
1328889713
921603647
558719989
1117633417
1120859809
506567329
333644039
1053066221
25888913
1972116691
959481889
1925994569
1478231771
758838467
159716639
1549641209
1518077417
2292221
376040597
946814233
1306485407
1334389439
2096415913
1056369761
1117980671
214792421
1431165079
1848801419
1217355481
756598279
1487581031
1248962063
669208691
1683836591
544518361
1451893799
115178017
1205162753
1201368083
269357591
125184307
1860236867
1180698907
163737389
1182935447
1031855327
1562671081
1249832279
745033021
1183257791
294530221
618038573
1714428319
1689042367
2110924331
771819107
1056516557
963589909
1593984211
626743739
913442197
1053628861
220784771
579986611
807417659
1655314963
1390983101
2122478537
567628981
208843451
1681496779
1280806073
855997189
989678777
1589673329
1446691691
64165001
2038316311
1605585013
1450835413
1369206361
863348567
921221167
1328594669
772556819
1227879941
78990157
354708581
1857475553
1678515697
590145869
1916067661
1493403739
1328998133
22584557
172057201
1796777051
994645961
1651969537
1223039003
561082693
412332379
46077103
1465827679
1322693081
553500659
22833149
1194601081
1620107207
818045783
2049692551
567964699
1943100967
1174789793
1604987749
1536196843
1558100189
721470353
536665771
1485757337
564659033
1761983731
166416781
550181773
419605037
52879969
2131135231
1723523471
505862459
1459531547
206819099
206037281
454745299
243135481
907645769
1005811087
22667317
124516267
1998760297
157686439
1696953169
797758219
123290147
1177464569
1512943919
774434533
386882737
1759637533
816998951
2084410663
1821319187
896135971
1020795973
1512320309
85129067
2079806411
8775419
1406749163
670424269
626057119
145697753
1513510529
823808369
1627450763
1795834177
471736907
1348390531
1323218107
291313591
1332018377
1298362361
1981332433
1210927259
956477083
422628391
2044523527
575865751
1166840231
640104083
1566183119
552045707
1796371873
156010279
1468336267
864274561
356477833
1570487833
822776533
63873779
125725021
609700471
2019421471
1351786021
693583991
1815261631
1088386421
553553219
1810757147
548991043
989432231
1783607557
81142357
146763179
1162977043
1829668097
2071731971
1409024429
542223497
902127133
1755649361
1442775379
1669636721
1585236973
809098559
624533941
1213128821
978603401
2058907157
665242093
1265198873
1458958619
218989889
1818119843
74050517
1231247981
152802019
699662053
616068191
1592114327
268217557
1511159789
1829533721
769751933
497906509
2147362397
1426235731
1499053753
331251913
46216349
1024341589
420257393
1561347313
297847709
1189591127
1388100017
1914100231
39345151
1859023847
1690746131
577446589
821490499
1345685857
1600068637
1235039557
566563513
2025001991
39938033
1597199647
962594177
465030119
295433647
324966197
2141870971
1227931531
544840601
250623557
110432473
1668188989
2027327933
1566661039
1857908551
111095209
1154394757
846048083
139493593
1727653519
993254137
662058889
362860051
1981473511
1595950399
643186829
2112108899
1232787797
1007224633
1515930113
1241023757
927778843
730611449
808637233
168887759
559979633
1296954479
347247871
2047223771
1254082013
414355231
1777382197
144414103
1524960599
747646807
2067243203
860632811
1921003727
1538469809
158504911
1319260867
1312803647
1153979033
396071783
109728701
487303639
649437671
1380368911
1149297727
501071567
1697648083
1020504601
1462691327
434282951
1827974947
1369228687
1294708711
1203349463
429914461
144363977
1581791039
174205429
62514553
1278359791
873568879
313600597
332798537
2137641923
1636856159
1388442281
1562610227
913188349
2097457157
469806283
640964371
1056757531
1583513611
1937256389
775867991
954773993
865810301
1380765539
849948097
668652091
1557571513
2068157057
37767097
1807669811
800884811
614329813
999358229
1267642543
639755927
1958998291
1796215373
1001988833
593073737
46699073
1616588473
456656119
681157991
583037647
1240779899
1205591927
1415535643
1705236317
1685731391
713064503
1960800199
1467420797
1735382027
481126031
123833519
1002776017
703821143
193618223
1029165349
2014245749
1940782517
532846031
1733912027
606158009
64771093
1156827253
2025209083
1689764273
1687914341
1496028497
1776288757
1626560413
670251811
1166701169
1361436673
1802066587
1641097109
1466461223
1966916383
1575182387
3023653
373055951
52795163
757783267
430191733
1994116829
1808306221
286824583
542040979
587497789
1469481271
221575213
179966021
1426627151
52975369
974889623
1134807763
675137341
1843094087
104993281
332411333
1233600437
833092231
1293783367
2060099467
1921123613
958707991
1484353601
1138474339
1773594367
934632799
5772617
380195369
522287911
1934709947
409800577
490161127
1169970973
284715569
1470536339
830338081
1528515997
1570849901
1518941759
1969616783
1411769209
162597931
241542617
1189135963
13070051
584368159
1284435539
1164500543
1674331487
1832948059
1961524681
1661634971
14667437
1005560167
890390131
991706029
1970198537
1655008807
860978143
308290777
760323469
1989084737
530123149
1014281539
1001987237
136529891
171303721
885242383
247167413
1673913497
1233724171
989091707
283554907
781549543
1867220189
1261298393
1771980493
1695176633
1976969651
1396135129
611561543
1363150549
1642578479
62153557
360962731
531618817
108292577
795021613
6322777
1642731239
1899060011
14543603
689511223
826114147
326696437
910188281
1177172999
155315929
658160561
2023186351
1770001361
845334181
590442071
1757617229
1345058641
757665967
543346379
1406083769
739237669
372358471
1957207949
845602451
1329337643
4412383
471474433
881719403
1366972813
2013527353
859559431
1222915391
411063769
472647113
478609253
1783107413
2121516571
598015967
1683813793
1932612481
1813002557
1432834027
1773356183
64194421
683711923
219822299
1084888631
1164299897
290397403
1874797909
1120294933
15738893
239412337
435729937
126737311
530965361
1341566741
1806127051
298199939
904987813
906260657
872739587
21758593
593871953
1654684627
2078779529
1962586973
1854862817
493956289
1048961077
1836649747
1884129721
1386278599
153218609
360210239
1611941957
1070268923
915824269
276718067
1901711099
1084927133
1616170289
1796482297
1782070583
1439140973
56702039
1887524741
1079809069
683207099
687891667
163440733
754234739
2056874453
1739539183
1783385377
25429819
384087989
106364371
1047582181
1964749051
1694939833
605485613
1483848089
1274321053
819588787
245814263
1827459493
1310043751
147940453
1250921671
1574578223
360007709
1103352869
1998922061
1068777887
764410403
438628087
224141677
868035683
1490087903
43950919
831094387
536863253
1388747957
24696229
627887291
1121803079
1819515949
2111592029
64346371
2012755163
205020973
2123293247
696323317
574051741
1906490147
1126560511
1220742643
1714737091
798987647
251726777
1408022359
719099993
964719817
965729953
2034398371
604416389
1625561521
754105679
1840563227
843579749
1942433621
1447554373
171012823
1768249031
1814113927
128618569
1578470557
1219423133
998273027
869368837
120173621
168028033
92284111
558229781
659024699
1193834549
413283109
1886907433
1400076329
1246398929
550430567
337068871
96012779
458872031
211339963
874461851
920862563
590932763
381057371
81109867
1968817387
1271005049
1701166613
231282529
440578357
816286901
1615474199
731303663
1590961061
492496657
1074595127
1893574043
1147076731
486872077
1736677289
223994983
487684969
1829936057
640375171
1231955929
1627604717
1406839661
222303089
325811371
942417319
1481989777
1396334839
2146241459
1106614211
1596906277
447731201
1420181669
2088703031
944600989
311482607
287443081
1293638179
115753367
585630917
1487163889
645597437
701005901
237554699
43738129
115762681
763158283
347851571
1040312347
1694697269
662505301
1196671337
1366447651
917127437
1981550887
1613255753
1545664609
826722719
848145359
491386453
1228635607
560115601
606864829
1109840101
800196643
347838593
2139507949
426219883
1990169189
170138989
897451481
1915481839
665243959
1988641531
1158824743
842684629
2146306843
1293587653
1169140487
2139052171
525457627
424762759
300019631
362692853
984877007
669155777
531773167
1798293073
113672063
1884517823
27677807
1474807339
428342749
1815206863
1769883509
1058958031
1354018537
736995037
1283350423
831066317
715995947
960095951
1296703741
1809185029
1120150907
13425017
1323355981
1614607349
1404495997
1999088471
557827937
1512721121
1871294959
1259956487
1139817661
537556639
1240345903
2108420491
10365539
591041851
1648562353
622712413
1031040917
1262941037
1289346059
925203757
1694799937
203743381
1102610203
661994521
923379179
2114900947
1517778341
742762331
762791011
1454605073
846224479
1377661679
2015124887
203107327
912148427
1584819217
66340387
198842003
1112572897
265007461
139017283
714152773
719789221
1762668707
1531634087
1409671139
1657761181
1688717227
889083673
1491500651
663633211
980665207
1128518917
379428319
19249847
991313321
709432211
1773750911
1566201419
1723191391
188573257
1480327603
1463745497
1095127949
352109689
1100933417
1379458499
28958893
1370561567
401365403
1941641963
1427660011
45405559
1081254287
584278397
1854569533
1300789927
983673133
2028226997
85779571
1701315337
982280041
452785873
1869827699
839437657
2047831727
1856444389
1421057273
456655159
552522023
1314553459
1190862581
99568013
541803949
195438317
586662211
1005491083
1649117809
1258155487
1280902783
545622097
304780033
44225557
431327903
1873006363
1470744181
208852057
1517456783
254212901
1265415191
4351493
1991427499
811180561
372266597
1498946591
1360687409
982216987
949455803
1334278307
1240136903
365263267
644083873
665227307
1080058303
2053095211
938845403
1374310303
1736106587
1194793471
1110005389
676043141
54157247
1243906921
521683411
1718247067
1938111433
1573297541
1108401881
26268097
1615313201
1154169629
1821728369
1844002859
36077933
799862677
1013387113
1909615313
845301341
1542516329
733559819
1906432919
1894853783
2146834367
216546199
1549817887
586974803
1629508981
1985951089
1926091729
1668418561
691264219
1173687727
630379037
480599011
270262183
1703064283
1687708751
1228918903
1875562487
2027219377
1295440667
1324477267
1185210827
2146422953
1615315957
944041057
753722531
1962606757
456660793
100868917
1670619107
290880313
1336345321
1980690431
731776147
1118118193
1238802157
603417757
370217521
66838879
2058984623
18097753
116628937
1838689597
942412847
481616831
322068941
1505957417
1157718239
1442338109
2122846721
1123343933
1293944573
1632484223
14915311
325839197
998219797
337418351
920878333
2009442151
171832501
430029599
956289517
1316788427
294644083
986744501
1666813949
367283473
343527407
2033622313
1337669687
1536919229
1858236521
40440419
775407881
2098763153
152613599
1342507597
1151148721
962433247
655148531
548726333
847586423
863950921
869343031
1332328931
1371909403
1975581661
1474951109
924305377
1760890771
1053386599
660007603
236923957
1979539337
1460244899
1357747817
713368951
799997533
1050990107
1172165503
1848914233
441904381
480334787
570458093
787458263
197070779
1467751247
1943833501
200511383
2049008329
1287610231
319208587
230535859
82125139
1116136447
589048723
264365527
110377199
1416625783
1257898183
171823903
2027291269
281231693
1091123441
1965807313
1306026613
1111158157
98315467
1879116157
1710751969
441230899
1435874663
255863351
1106320597
1085424623
775932341
236689727
477665417
640243193
2011200371
1420755547
708857711
978173641
269556697
610529827
467464009
1679391407
1538341841
1594746253
1260212477
1931290901
1977478627
945433513
1453956073
1329631483
1047501929
312144263
503137207
1166938249
1324800151
1392334549
2075553019
1140952151
477116357
1647777557
1565165191
147327329
1267057829
1811447413
912520093
1297791191
346663511
119232013
1074172481
1327783361
512697839
801760331
1333620391
931342667
846417697
1359443089
29337281
867256177
1314666191
1940069317
194264377
488024531
1255858061
174856219
1621203313
1405420871
951192629
1617111919
112689671
805719007
388567297
27251771
1285672727
755300999
27293141
1418888477
990187507
1832880701
1954333471
1726254217
1550567147
1933838377
1298208721
164961877
1149520103
1247436383
44782079
1764775163
2132000327
715847507
1114244111
943541623
1083716099
1440265093
678512873
1522900567
1407406123
2049194419
791907913
1324980259
14237411
684948851
667250333
116097343
1365856091
1950207997
319363361
1814673227
1662969719
304252297
962537881
421678273
347338561
921088417
568233079
579833599
620963669
1096091327
1782974653
2056615723
1298303351
1928600591
1000988591
372583051
1992233741
1374007237
671767709
141863629
238095763
1007109827
1358036083
75574253
1450960711
865273111
1730810791
1056782171
1780099273
1540342241
343686373
462973943
2121441613
294520381
52164199
1692527587
83282413
33208411
2026387163
2127087533
469505383
1511663533
869545351
474698473
557297849
1135951009
291207557
1354068013
1065811771
1376560903
1471865203
116869153
720797087
1037233
1250584459
5736737
1357950641
1387040191
119744629
1751776583
1420031087
534640553
706014623
376235957
97621757
373063787
584744383
303250763
1184857523
1296614519
1877751979
873311399
625308007
1894631449
1007114617
1811704619
111256883
1215970433
1992805109
2042598143
1467937673
1546153673
400102739
337910723
987879251
313546291
605796469
703519321
780033601
150519329
1988065819
1670466727
731376689
2047249283
1896696523
575501879
517552339
224752999
1180728551
32925407
688478177
992631209
1094659691
1813111711
1496801651
374768321
2029394677
637166711
1557589109
797262437
1356306503
1907047991
508978081
188891113
202686931
957245411
1207360849
181345403
658937987
1336553111
896918969
1175132207
1065201847
1680771167
1297668629
346979813
1206431321
1868820623
1024266161
1128598411
1607624509
1026014201
837210937
14372261
46408031
151273379
855293053
536499163
1905279793
220647377
821885437
380235179
1473757121
211842217
820140103
2097741119
464516033
928468067
97455179
676358251
1943164781
2133716161
1691731403
1886021513
955916399
1066118021
1923812249
1509219893
670383361
792256733
823237861
1089978707
1135544537
1878887083
448243057
6516971
505589813
1977212521
1473539807
1417976869
1120295513
200903497
69420641
29431949
1452748981
16580087
1642112341
1406988577
1930680149
446300873
1393393787
1531642487
171562331
703865303
485916091
164103349
4399723
223068707
97090027
1879019657
554605537
707610671
404513647
950217617
1160378477
1172930923
162655483
742077701
254958551
1395832063
156762761
847473791
1273303099
1212166601
1784321537
541222147
874233137
1432313881
489157369
683336477
1117466351
1553170517
8217023
965260393
1264694287
1336320067
974062087
2109291559
364833467
2038420877
1378507843
636210833
170739353
272453759
426538153
1891622911
594762761
954400103
279913957
156537643
26858287
619680679
82077629
496546979
395253049
410532841
1727827349
627816139
101193067
437769901
949463729
2082704621
1483906577
1761230873
1752604411
1611101663
1852379153
2145587651
623171161
504062527
1814946083
1975268143
1726210763
958769387
1293858131
1150677509
1345478573
1395320083
190106639
512663887
1506894029
140592247
1269287321
2066929451
2049284441
1111375999
224217667
2129476961
1456449221
1906134899
931607587
496074209
1649938943
1183011659
1355368031
889486973
805483963
1681716763
2051889899
513957593
1721588497
1077158647
849394597
1439324801
356590813
1750818011
398492363
1693827701
940943851
440622827
1298640389
1816228789
104608741
617797693
1823351729
370801429
170998661
1503035539
2057747533
938968567
806295851
703560199
1362343987
950218301
1636627877
925176061
1229658541
492074237
896676863
1890569333
1440272983
1161135637
1817787343
1913588029
77754029
1267029139
318662689
32419001
357028631
1356719981
1128432493
210408449
266339657
1156127179
932215367
1907802647
281099761
625882349
336847109
527826769
1636712531
1978376831
684119731
410034949
98275451
515239369
524509627
1906930813
525863033
676964657
288367543
1017750403
2049625967
1410065843
1274932903
327753709
759113119
507890809
814895717
1873057
1524128537
884617693
1162851649
1086071761
1767280961
2070664567
1801816903
1970937559
1659726149
1271470927
146662991
2080773559
1370417491
527720363
1519625269
847755743
1415155733
1584278951
1419520261
2108904209
2050698673
1831471619
1763787871
1059548593
182591179
667558169
549297487
1972662089
1431557761
1841583011
199893007
867568469
2123996183
524036759
907317121
2071893541
1418719031
128785417
852514309
515218829
1288303411
1244832451
1995337261
449909849
907536587
2016141703
766747301
454741927
86550517
525608777
814303543
12770837
1671988309
822224759
1929640751
1018811117
106857749
1317031913
472369789
1338309677
1360921207
237320537
2096634823
1055244643
302704277
127417897
59909287
1306333631
902674543
1221711013
1265989183
636823541
2081083523
658436921
5958301
1353709073
5408393
354859033
277952383
781314613
1510756981
1367225611
1422134783
805827151
1595653559
1556956381
867451019
693507977
1636463267
199934843
369086351
580561913
61023553
2106299119
37571509
717335249
766138517
2032786111
1332345241
1973353709
938222053
1933791593
2141795569
653803937
210012823
1451175161
429893689
686030221
720016519
1944501241
265838317
1273954441
1011192593
863263001
855086509
1240407359
463307231
1522917023
945357797
163009081
1502905993
27907631
1153514741
2109504017
613208153
492255641
1021227461
1526499109
1507374229
298762463
497669213
1474906001
18074531
971508529
1184913127
469464491
954622321
488293153
1397208041
4653757
1434082547
255918739
254930807
1081934603
808942151
1425558731
499611271
567772313
774532817
195634519
3986747
1494973043
600684389
2033060389
2049490559
1178406637
1380309481
880144351
1460887837
411718651
1308617119
1733478127
160426769
252644297
1212450541
152494637
48506779
1004966437
1830296773
697842433
1008668159
1138142539
1346742377
2075535299
1538821859
1471419437
332258347
1136562527
2094484393
1902034639
513059993
955427959
1609980679
1670205473
1571773543
1338939187
612350821
2044872259
947065961
1099729573
1806234569
2099101583
1660464073
877529129
898281283
2022684749
606546583
1353160643
516349247
1351950071
855840763
1073849549
1890721907
456745141
63146641
1964673091
296615453
1196070257
1633661893
1839364741
170237783
261120131
294046691
779742959
1430705447
953928719
1972790747
814332131
1913768809
341041891
205367611
1548655859
1069231391
1409987387
1654089739
99127993
1858928909
1891405889
1740878677
1288786547
247984351
1737280417
315822809
96381463
438355667
1072021891
192357677
684144767
468041153
1710472193
2043314447
1346096617
1250360941
990090853
1376848901
557525789
1487817467
1584990593
871676483
349999847
1317787441
1869721603
791059799
496283189
1532469847
1964582701
423579797
82334453
498484559
159811097
2133766049
1088721149
370752259
196359431
2132008079
67319449
713341547
1500930971
1317883363
47220293
400438037
2024448851
305431909
94081679
1352650307
2104013477
843943141
2014493737
363848311
1155113957
219992821
1329370697
2021946673
1698887167
211874191
468347119
1917734729
617586017
1972051583
248638477
1446305723
1855034501
248676359
1411778999
248615737
1589762561
1136039057
1990819603
1546499417
1804938599
969564787
40337641
652028753
1462247539
1547833897
1323423901
918415037
1790903057
1532387743
89405413
381183119
1468068319
1907673247
2032686989
411897917
306784109
389593909
347015587
1517984087
715565419
1013171101
967937479
83570659
106063151
1085925403
26059867
1031156387
1022242951
2030199863
1970977937
157732997
1860035339
1695036019
395164067
1923116339
341930363
1320876001
928583303
1171710773
