62523061
154125871
1812505621
367576901
1454269321
1313074319
1781952281
497684459
417269899
1869530381
1922213123
279228583
565896011
1361068453
1764317677
459976817
666892003
186966419
355794937
1677813437
991703893
2044464299
1967296103
236340673
1102360657
1465949477
676419697
1707127141
765530291
945233593
2053016153
394129247
663488269
492050483
1119327707
1738659959
940184029
125289821
1703456927
392303759
2140181839
1185524531
1203344033
164270287
1909907977
635530009
395080943
1257090061
631304029
1141644841
36716171
1979070007
1746583673
1359998933
862351507
2101513573
323102041
92851571
1406039617
992463541
341701739
2085777077
1025658983
1426835441
654966523
1201843751
944017201
709045889
498691561
809444177
1335311911
1442084921
1564617503
1329043421
2038662727
862277917
461387141
1096776173
69395063
112094621
913656979
250022537
1040391881
717824417
1517609887
409044821
2104470691
1296753779
1398147227
480457699
1682811047
760796683
2136688769
870529787
414847637
1077431041
1607276513
30079463
2089819001
1363722749
1575447733
538014023
1336559881
325100257
836898169
1354365319
941567953
1959737053
2041484663
1377873767
1517283553
1628427583
835145609
1631591407
1550918081
1260919493
1405469869
1965661813
1397928817
582169993
1272613033
1419736261
157192873
252077767
1479316739
1654976311
25761157
236699081
1155241859
683675093
130222049
772689859
505557527
1555096687
1288203457
1857215027
940859473
118001353
1970221499
2129313601
1648523509
352360409
1268686301
1990382137
1063778941
1240271821
2072145701
2026288151
1999278587
746072741
2135756299
74822477
1659575681
170442953
1830170389
633064429
1343930479
1515390827
1493613001
1778916701
457742111
835531111
1307567659
878240977
770074537
839752889
279038803
17470111
1179665183
1291225357
1465069997
1133887973
1848841199
1981843657
382340831
858441169
663595711
1231001843
1710392617
1330068977
8649491
1505097889
1857969353
1895988859
1130255311
1910111807
616918067
59963957
210986927
320953439
913791079
2014966817
1377668063
587980271
1579940113
1400630921
1948303129
1552996829
246551471
596815717
1487766421
1578053501
802930741
1148056159
1277004679
1419676157
958124021
477519649
959857313
2007157423
209437387
1369680371
1921944971
412762699
1877127907
1818207637
771936169
511185509
365631619
1715349703
1434752399
537605099
692019899
1016405693
1663375187
1036272617
1020824159
1728126821
467945017
1787009347
1237125193
1647056869
39373969
1050948293
1916513953
1389621671
1691177687
214617943
1104317723
1146519601
23991259
1739942599
1880365651
1232604773
861517219
1747675091
756022081
1278000949
1030821149
1645885499
1130843963
584380919
897603661
207667613
1401943451
1067472547
1648871321
1418934809
1210228021
1816654709
1665765889
693316499
575597797
1108284257
255937249
1781458417
2063483393
1522799489
260651299
1697097791
104048327
1332091903
216233027
173774431
259603573
1292993249
1039966523
767670419
863450747
26762833
1428229931
1773307969
1576855283
2040530321
223196443
68632957
973684037
721823777
907342907
974772521
445334639
50565901
1525208369
1409350141
1457315479
948538141
676211
1493630381
809841167
1087967501
1972235803
2058341473
1243829897
922371319
1438943543
1304242001
12669493
628355879
498278237
463698049
1555218703
1238866513
1009624159
160461599
1298776399
898307141
1570922369
2000047307
42863129
807132517
923981021
2068930531
1438600117
418712513
2013497777
474122111
110761943
732570989
940034717
1691758097
1643460563
1808608147
941619929
1000045379
526273679
1202851043
1849693999
1715760569
116525051
315993709
463152869
1728501829
1526300849
1653074669
2043529193
83266273
1362891713
1455928189
426326819
413040851
869713129
1455201509
876951221
1512196577
328433179
1514775359
1406201959
1616859133
1264583923
89944781
1384139191
2037220697
674012699
868579123
1813225181
526439171
9043121
155758991
1393970623
596649847
289414043
1627624619
1943112911
1831306019
865644259
717072443
550660823
921376073
1908856123
1286323417
696940813
318181973
1094974861
1284203623
671813357
638987773
249364447
636357103
503099881
1729454369
628932823
1681729667
1601806937
1643219951
1776959603
87350047
644497351
1036457701
1859745049
452055977
1678170947
465769511
801198991
1951578659
1514001961
110629823
595254073
1442742461
1733360533
1541674327
537797279
114167737
1428608327
1052666821
657154933
127857887
1578703783
2051101147
773157521
1111102679
1482836881
144449873
1787807849
1898769947
939294607
2092622659
166346911
881636641
1480622137
2123101727
1228466891
851155177
1694252281
589274603
1845577039
1065779023
1799994961
1095621193
940603241
695587661
378691
700973437
782960249
247097597
1972945333
463569251
1065383519
914917643
1112801071
1269110501
409614229
94695983
750387037
365450447
1774661419
89799067
466008239
1204794077
639000763
1417727603
702106921
196303951
1521155651
493784359
530688161
1881409259
2036356859
240222211
1692050597
1184263039
1028811713
690706351
971817421
1355519873
1776106051
633188557
2128127363
1186106627
914394409
1712064413
309452383
1237935331
1470280969
1725081019
1805113801
1184818091
1213115693
17025067
1312197421
406993799
873387881
1720950793
2114319661
1111208713
52974563
10244513
690256601
1503489899
248984947
542264941
575298637
1808945819
199225937
1322553251
1237623523
1331081797
107627329
828564557
457105823
1890734519
931986049
1223524639
706981831
21320197
460621957
870067603
1459120843
1869509981
2134193911
1155535193
1695638311
2118674407
381407567
131419549
879012553
996161501
1105329937
1932570533
1640132311
511248169
737699899
970644443
1436230633
909247919
1815664601
1390188091
7348157
1851582347
926784431
468339931
1808052439
1669487507
1988613661
1519017103
852891661
779960677
169379803
1065652849
2109251279
430544407
782426917
499315937
1509242963
1791981047
1609693223
2061072499
288098821
822640069
925940713
1306903063
1741723897
558417073
1770051461
1697406499
624388403
389544713
396857977
501284071
1746837577
455281447
1054888487
2137709543
2001274757
21503617
1492427843
1310323447
1193286961
1508199509
1813742443
1838365649
243560549
1134013093
1529670209
1139469503
88793651
1903654751
435921929
558719989
921603647
1328889713
667585417
1170318379
1120859809
1117633417
506567329
333644039
25888913
1053066221
159716639
959481889
758838467
1925994569
2292221
376040597
1478231771
1549641209
1518077417
946814233
1334389439
2096415913
1056369761
1306485407
214792421
1431165079
1117980671
756598279
1848801419
669208691
1217355481
1248962063
1487581031
544518361
1451893799
115178017
1683836591
1201368083
1205162753
1562671081
125184307
1182935447
163737389
1860236867
1180698907
1183257791
1031855327
294530221
618038573
1249832279
745033021
1714428319
269357591
771819107
1056516557
1689042367
2110924331
1972116691
963589909
626743739
1593984211
913442197
220784771
579986611
807417659
1053628861
1390983101
1655314963
567628981
2122478537
208843451
1589673329
855997189
1681496779
1446691691
64165001
989678777
2038316311
1605585013
921221167
1450835413
1369206361
863348567
1328594669
78990157
772556819
1227879941
590145869
1916067661
354708581
1857475553
22584557
1493403739
1280806073
994645961
1328998133
172057201
561082693
1796777051
412332379
1651969537
46077103
1223039003
1194601081
22833149
553500659
818045783
1322693081
1465827679
567964699
1620107207
2049692551
1174789793
536665771
1943100967
1604987749
1485757337
1536196843
721470353
1558100189
564659033
166416781
550181773
52879969
1761983731
419605037
1459531547
206819099
206037281
2131135231
505862459
243135481
454745299
1723523471
22667317
907645769
124516267
1005811087
157686439
1998760297
797758219
1696953169
123290147
1759637533
1177464569
816998951
1512943919
774434533
1678515697
896135971
2084410663
85129067
1020795973
8775419
1821319187
1512320309
2079806411
670424269
1406749163
626057119
145697753
823808369
1627450763
1513510529
471736907
1323218107
1795834177
1332018377
1348390531
291313591
1298362361
2044523527
1210927259
1166840231
1981332433
422628391
575865751
640104083
156010279
864274561
552045707
1468336267
1566183119
1796371873
63873779
356477833
822776533
125725021
1570487833
609700471
1815261631
693583991
2019421471
1351786021
1088386421
553553219
1783607557
548991043
81142357
146763179
989432231
1810757147
1162977043
1829668097
1755649361
1442775379
902127133
1409024429
542223497
2071731971
809098559
624533941
1669636721
1585236973
1213128821
978603401
2058907157
218989889
665242093
74050517
1265198873
1458958619
616068191
1231247981
1592114327
152802019
1818119843
699662053
268217557
769751933
497906509
1426235731
1511159789
331251913
1829533721
46216349
2147362397
1499053753
1024341589
420257393
297847709
1189591127
1561347313
39345151
1859023847
1388100017
821490499
1914100231
577446589
1690746131
1345685857
566563513
1600068637
39938033
962594177
1235039557
2025001991
1597199647
465030119
324966197
295433647
544840601
1227931531
110432473
250623557
2141870971
1857908551
1566661039
111095209
1668188989
2027327933
139493593
1154394757
386882737
362860051
993254137
1727653519
1981473511
662058889
1595950399
643186829
2112108899
1232787797
1007224633
808637233
1515930113
1241023757
927778843
730611449
168887759
347247871
559979633
1254082013
414355231
1296954479
144414103
860632811
1777382197
1524960599
2067243203
158504911
747646807
1921003727
1319260867
1538469809
396071783
109728701
487303639
1312803647
1153979033
2047223771
649437671
501071567
1149297727
1697648083
1369228687
1020504601
434282951
1462691327
1581791039
1827974947
1294708711
429914461
144363977
873568879
174205429
62514553
1278359791
332798537
1203349463
313600597
2137641923
913188349
1388442281
1636856159
846048083
2097457157
1562610227
469806283
640964371
1056757531
1583513611
954773993
865810301
775867991
1937256389
849948097
668652091
1380765539
37767097
800884811
1557571513
2068157057
614329813
999358229
1807669811
639755927
1267642543
46699073
1958998291
1001988833
1796215373
1240779899
593073737
456656119
1616588473
583037647
681157991
1685731391
713064503
1415535643
1205591927
1705236317
1960800199
481126031
1467420797
703821143
123833519
193618223
1002776017
2014245749
532846031
956477083
1029165349
64771093
1940782517
606158009
1733912027
1689764273
1687914341
1156827253
1496028497
670251811
1776288757
2025209083
1626560413
1802066587
1361436673
1641097109
1166701169
3023653
1466461223
1575182387
1966916383
373055951
52795163
1808306221
757783267
286824583
430191733
221575213
1994116829
542040979
587497789
1469481271
179966021
52975369
974889623
1426627151
104993281
332411333
675137341
1134807763
1233600437
833092231
1843094087
1293783367
958707991
2060099467
1484353601
1773594367
1921123613
5772617
522287911
1138474339
934632799
380195369
409800577
490161127
1934709947
284715569
1169970973
1528515997
830338081
1470536339
1969616783
1570849901
162597931
1518941759
241542617
13070051
1189135963
1411769209
584368159
1674331487
1164500543
1284435539
14667437
1832948059
1661634971
890390131
1961524681
1005560167
1970198537
991706029
1655008807
308290777
860978143
760323469
1014281539
530123149
171303721
1001987237
136529891
1989084737
247167413
1673913497
885242383
283554907
989091707
1233724171
781549543
1867220189
1396135129
1771980493
1976969651
1261298393
611561543
1363150549
1695176633
62153557
108292577
360962731
531618817
6322777
14543603
795021613
1642578479
689511223
1642731239
1899060011
910188281
826114147
326696437
1177172999
155315929
2023186351
658160561
845334181
590442071
1770001361
757665967
1345058641
372358471
543346379
739237669
1757617229
1957207949
1329337643
1406083769
4412383
471474433
845602451
859559431
881719403
1222915391
1366972813
411063769
2013527353
478609253
472647113
1932612481
598015967
1683813793
1432834027
2121516571
683711923
64194421
1813002557
219822299
1164299897
1084888631
1773356183
15738893
1783107413
290397403
239412337
435729937
126737311
1120294933
1806127051
530965361
1654684627
298199939
1341566741
21758593
593871953
906260657
1380368911
872739587
2078779529
1735382027
1048961077
1962586973
1854862817
493956289
1884129721
1836649747
153218609
1386278599
360210239
276718067
1611941957
1070268923
904987813
1616170289
1782070583
1084927133
1901711099
56702039
1796482297
687891667
1439140973
1887524741
683207099
163440733
1079809069
25429819
1739539183
384087989
106364371
754234739
2056874453
1783385377
1047582181
1964749051
1694939833
1483848089
605485613
819588787
245814263
1274321053
147940453
1827459493
1250921671
1310043751
915824269
360007709
1574578223
1874797909
1068777887
438628087
764410403
1998922061
224141677
43950919
868035683
1490087903
24696229
831094387
536863253
1819515949
2111592029
64346371
1388747957
627887291
1121803079
205020973
2012755163
696323317
574051741
1126560511
1220742643
2123293247
1906490147
251726777
1714737091
798987647
964719817
1408022359
719099993
1625561521
604416389
965729953
2034398371
843579749
754105679
171012823
1840563227
1814113927
1447554373
1219423133
1942433621
1768249031
128618569
1578470557
168028033
120173621
92284111
869368837
998273027
558229781
1193834549
659024699
413283109
1246398929
550430567
96012779
337068871
211339963
1400076329
1886907433
458872031
874461851
920862563
590932763
381057371
81109867
440578357
231282529
1271005049
1968817387
1701166613
816286901
1590961061
1615474199
492496657
731303663
486872077
1074595127
1147076731
1893574043
1829936057
223994983
487684969
1736677289
640375171
1406839661
1231955929
222303089
325811371
942417319
1627604717
1106614211
2146241459
1481989777
1396334839
1420181669
1596906277
447731201
2088703031
944600989
287443081
115753367
311482607
1293638179
645597437
237554699
585630917
115762681
43738129
347851571
701005901
1487163889
763158283
1040312347
662505301
1196671337
1366447651
1694697269
1545664609
917127437
491386453
1981550887
1613255753
826722719
848145359
1109840101
560115601
606864829
1228635607
800196643
347838593
170138989
897451481
426219883
2139507949
1915481839
1990169189
665243959
1988641531
1158824743
842684629
1293587653
424762759
300019631
525457627
669155777
362692853
2146306843
984877007
2139052171
531773167
27677807
113672063
1474807339
1798293073
1815206863
428342749
1884517823
1058958031
1769883509
736995037
1354018537
715995947
831066317
1283350423
1296703741
13425017
960095951
1614607349
1809185029
1120150907
1323355981
1404495997
557827937
1999088471
2108420491
1259956487
1512721121
537556639
1871294959
10365539
1240345903
591041851
1031040917
1262941037
622712413
1648562353
1289346059
2114900947
203743381
1694799937
925203757
1139817661
1102610203
661994521
742762331
1517778341
1454605073
762791011
1377661679
1169140487
846224479
66340387
203107327
2015124887
912148427
265007461
139017283
198842003
1112572897
1584819217
719789221
714152773
1531634087
1409671139
1657761181
1762668707
889083673
1491500651
1128518917
1688717227
980665207
19249847
663633211
379428319
709432211
1773750911
188573257
1566201419
991313321
1480327603
1095127949
1723191391
352109689
1100933417
28958893
1463745497
1379458499
1370561567
401365403
45405559
1941641963
1081254287
584278397
1427660011
1300789927
1854569533
983673133
85779571
1701315337
2028226997
982280041
1869827699
2047831727
839437657
456655159
1421057273
552522023
1190862581
99568013
1856444389
541803949
1103352869
195438317
1314553459
1005491083
586662211
1258155487
545622097
304780033
431327903
44225557
1649117809
1280902783
1873006363
208852057
4351493
254212901
1470744181
1265415191
811180561
1991427499
1517456783
372266597
1498946591
982216987
949455803
1334278307
1360687409
365263267
644083873
1240136903
1080058303
665227307
938845403
1736106587
1374310303
2053095211
1110005389
54157247
1194793471
521683411
1243906921
676043141
26268097
1718247067
1108401881
1938111433
1615313201
1154169629
1821728369
799862677
1573297541
36077933
1844002859
1909615313
1013387113
845301341
1542516329
733559819
216546199
1906432919
2146834367
1894853783
586974803
1549817887
1629508981
1926091729
1668418561
1173687727
691264219
1985951089
1703064283
270262183
630379037
480599011
1228918903
1687708751
2027219377
1295440667
1324477267
1875562487
1615315957
2146422953
1185210827
944041057
753722531
100868917
456660793
1962606757
1670619107
290880313
1336345321
1118118193
731776147
603417757
370217521
18097753
66838879
1980690431
1238802157
116628937
2058984623
942412847
1838689597
481616831
322068941
1123343933
1157718239
1293944573
1442338109
2122846721
1505957417
14915311
325839197
337418351
1632484223
998219797
920878333
171832501
956289517
1316788427
294644083
2009442151
430029599
367283473
1666813949
343527407
986744501
2033622313
1337669687
1536919229
40440419
152613599
775407881
1151148721
2098763153
1858236521
1342507597
962433247
655148531
548726333
847586423
863950921
1371909403
869343031
924305377
1332328931
1975581661
1474951109
1760890771
1460244899
236923957
713368951
1979539337
1053386599
660007603
1357747817
441904381
570458093
799997533
1050990107
197070779
1848914233
480334787
787458263
200511383
2049008329
1467751247
1116136447
452785873
82125139
319208587
230535859
1943833501
1416625783
264365527
110377199
589048723
171823903
1172165503
1257898183
1111158157
281231693
2027291269
1091123441
1306026613
98315467
441230899
255863351
1965807313
1287610231
1106320597
1435874663
1879116157
775932341
236689727
477665417
640243193
1085424623
269556697
923379179
708857711
467464009
978173641
610529827
2011200371
1679391407
1931290901
1538341841
1260212477
1329631483
1453956073
945433513
1977478627
1710751969
1392334549
312144263
1420755547
503137207
1324800151
1166938249
1140952151
477116357
912520093
2075553019
1565165191
147327329
1811447413
1267057829
1647777557
119232013
346663511
1297791191
801760331
1327783361
512697839
1074172481
1333620391
1359443089
29337281
931342667
846417697
867256177
488024531
1940069317
194264377
174856219
1314666191
1405420871
112689671
1621203313
1255858061
388567297
951192629
27251771
755300999
27293141
805719007
1617111919
1285672727
1832880701
990187507
1418888477
1550567147
1298208721
1726254217
1954333471
1933838377
164961877
1149520103
44782079
1247436383
1764775163
715847507
1114244111
2132000327
1440265093
1083716099
678512873
943541623
1407406123
1522900567
14237411
791907913
1324980259
1950207997
2049194419
684948851
1814673227
667250333
319363361
116097343
1365856091
304252297
347338561
421678273
962537881
921088417
1662969719
579833599
620963669
1096091327
568233079
2056615723
1000988591
1298303351
1782974653
372583051
1992233741
141863629
1374007237
1928600591
238095763
671767709
1358036083
75574253
1450960711
1007109827
865273111
1056782171
343686373
1780099273
1730810791
462973943
1540342241
52164199
294520381
33208411
83282413
1692527587
2121441613
2026387163
1511663533
469505383
2127087533
474698473
557297849
291207557
869545351
1065811771
1354068013
1135951009
116869153
1471865203
1376560903
1037233
1250584459
5736737
119744629
1357950641
720797087
534640553
706014623
97621757
1420031087
376235957
1751776583
373063787
1387040191
1594746253
303250763
1184857523
873311399
1296614519
625308007
1877751979
111256883
1007114617
1811704619
1894631449
1215970433
337910723
1992805109
1467937673
1546153673
400102739
313546291
2042598143
150519329
605796469
987879251
780033601
703519321
1670466727
1988065819
731376689
1896696523
575501879
517552339
224752999
32925407
2047249283
992631209
1180728551
688478177
1094659691
1813111711
374768321
2029394677
1496801651
637166711
797262437
1557589109
188891113
508978081
1356306503
1907047991
957245411
202686931
181345403
658937987
1207360849
1336553111
896918969
1065201847
1175132207
346979813
1297668629
1206431321
1680771167
1024266161
1128598411
14372261
46408031
837210937
1026014201
151273379
1868820623
855293053
220647377
536499163
380235179
821885437
820140103
1905279793
211842217
1607624509
2097741119
464516033
928468067
97455179
676358251
584744383
1943164781
2133716161
955916399
1886021513
1066118021
1509219893
1691731403
670383361
1923812249
823237861
1089978707
6516971
448243057
1135544537
792256733
505589813
1878887083
1977212521
1473539807
1417976869
69420641
200903497
29431949
1120295513
16580087
1452748981
1406988577
446300873
1930680149
1642112341
171562331
1393393787
485916091
703865303
164103349
4399723
223068707
1531642487
554605537
97090027
1879019657
404513647
707610671
950217617
1160378477
742077701
162655483
1172930923
254958551
156762761
847473791
1395832063
1273303099
541222147
1784321537
1047501929
1432313881
489157369
874233137
683336477
8217023
1117466351
1264694287
965260393
364833467
1336320067
974062087
170739353
2038420877
636210833
2109291559
1378507843
954400103
272453759
426538153
156537643
279913957
594762761
26858287
1891622911
619680679
82077629
1727827349
496546979
101193067
410532841
627816139
395253049
437769901
949463729
2082704621
1553170517
1761230873
1483906577
1752604411
1611101663
623171161
2145587651
1852379153
504062527
1814946083
1975268143
1345478573
1726210763
958769387
1293858131
1150677509
190106639
512663887
1395320083
140592247
1269287321
1506894029
2049284441
224217667
2066929451
1111375999
931607587
496074209
1906134899
2129476961
1456449221
1183011659
1649938943
805483963
889486973
1681716763
1355368031
513957593
1077158647
849394597
356590813
2051889899
1721588497
1439324801
1750818011
398492363
440622827
1298640389
940943851
1693827701
1823351729
370801429
104608741
617797693
1816228789
170998661
2057747533
938968567
1503035539
806295851
703560199
1362343987
950218301
925176061
492074237
1636627877
1229658541
896676863
77754029
1817787343
1161135637
1913588029
1890569333
318662689
32419001
357028631
1440272983
1267029139
210408449
1156127179
266339657
1128432493
932215367
1356719981
281099761
1907802647
1636712531
527826769
625882349
336847109
684119731
515239369
410034949
98275451
1978376831
524509627
1906930813
288367543
525863033
676964657
2049625967
1274932903
1017750403
327753709
759113119
507890809
1873057
1410065843
814895717
1524128537
884617693
1162851649
1086071761
1767280961
1801816903
2070664567
146662991
2080773559
1970937559
1271470927
1659726149
1370417491
527720363
1519625269
847755743
1415155733
2108904209
1584278951
2050698673
1419520261
182591179
1831471619
667558169
549297487
1059548593
1763787871
199893007
1972662089
1431557761
867568469
2071893541
907317121
524036759
2123996183
128785417
1212166601
852514309
515218829
2016141703
1288303411
449909849
1244832451
907536587
766747301
454741927
86550517
1995337261
1841583011
525608777
12770837
814303543
822224759
1671988309
1338309677
1473757121
106857749
1929640751
1018811117
472369789
1360921207
1317031913
237320537
1055244643
302704277
127417897
902674543
59909287
2096634823
1265989183
1306333631
636823541
5958301
5408393
354859033
781314613
658436921
277952383
1353709073
2081083523
1595653559
1556956381
1510756981
805827151
1367225611
693507977
199934843
867451019
1418719031
580561913
369086351
1636463267
61023553
37571509
717335249
766138517
2106299119
1973353709
938222053
1332345241
2032786111
1451175161
210012823
653803937
1933791593
2141795569
1944501241
429893689
686030221
720016519
265838317
1273954441
1011192593
855086509
863263001
463307231
1522917023
1240407359
163009081
1502905993
945357797
27907631
613208153
492255641
1021227461
1153514741
2109504017
1474906001
1526499109
298762463
497669213
18074531
971508529
1507374229
469464491
488293153
1184913127
954622321
4653757
254930807
255918739
1397208041
1081934603
1434082547
808942151
499611271
1425558731
567772313
195634519
774532817
1494973043
3986747
2033060389
600684389
2049490559
880144351
1178406637
1308617119
1380309481
1733478127
160426769
411718651
1460887837
252644297
152494637
48506779
697842433
1212450541
1004966437
1830296773
1008668159
1346742377
1138142539
1471419437
332258347
2075535299
1538821859
1136562527
955427959
1902034639
513059993
2094484393
1609980679
1670205473
612350821
1571773543
1338939187
947065961
2044872259
2099101583
1099729573
898281283
1806234569
877529129
1660464073
516349247
606546583
1353160643
2022684749
1073849549
855840763
296615453
456745141
63146641
1890721907
1221711013
1839364741
1964673091
1196070257
170237783
261120131
1633661893
294046691
1972790747
779742959
1430705447
814332131
953928719
205367611
341041891
1913768809
1654089739
1548655859
99127993
1069231391
1409987387
1858928909
1288786547
1891405889
247984351
315822809
1740878677
96381463
438355667
1737280417
468041153
192357677
1072021891
1710472193
684144767
1346096617
2043314447
1376848901
1250360941
990090853
557525789
1487817467
349999847
871676483
1584990593
1532469847
1317787441
1869721603
791059799
496283189
82334453
423579797
498484559
1964582701
159811097
370752259
67319449
2132008079
196359431
1088721149
713341547
2133766049
47220293
400438037
305431909
1500930971
1352650307
1317883363
94081679
2024448851
1155113957
843943141
363848311
2014493737
1329370697
219992821
2104013477
1698887167
211874191
468347119
2021946673
248638477
1917734729
1972051583
248676359
248615737
1411778999
1855034501
1446305723
1589762561
1351950071
1136039057
1546499417
40337641
969564787
1804938599
1547833897
1990819603
1323423901
652028753
1462247539
918415037
381183119
89405413
1532387743
1790903057
1907673247
306784109
1468068319
411897917
389593909
1517984087
967937479
2032686989
347015587
106063151
83570659
26059867
715565419
1013171101
1085925403
1031156387
1022242951
157732997
1860035339
395164067
1923116339
2030199863
1422134783
1695036019
1171710773
341930363
617586017
928583303
1320876001
1970977937
