1812505621
62523061
154125871
1454269321
367576901
1313074319
565896011
1869530381
1781952281
417269899
497684459
1922213123
279228583
1361068453
1764317677
186966419
459976817
666892003
1677813437
355794937
991703893
2044464299
1967296103
1465949477
1102360657
236340673
676419697
1707127141
2053016153
765530291
945233593
1141644841
394129247
663488269
492050483
1119327707
940184029
1738659959
1703456927
125289821
2140181839
392303759
1185524531
1203344033
164270287
1909907977
1257090061
635530009
395080943
631304029
1746583673
862351507
1979070007
36716171
1359998933
2101513573
2085777077
323102041
92851571
1406039617
341701739
992463541
1025658983
1426835441
1201843751
498691561
944017201
654966523
709045889
1335311911
1564617503
809444177
1442084921
2038662727
862277917
1329043421
461387141
1096776173
112094621
69395063
250022537
913656979
1040391881
1336559881
2104470691
1517609887
409044821
717824417
1682811047
1296753779
480457699
1398147227
2136688769
760796683
414847637
870529787
1077431041
1607276513
1363722749
30079463
2089819001
538014023
1575447733
1354365319
836898169
325100257
941567953
1959737053
2041484663
1628427583
1377873767
835145609
1517283553
1405469869
1260919493
1965661813
1550918081
1397928817
1419736261
1631591407
582169993
252077767
1479316739
157192873
1155241859
1555096687
236699081
505557527
25761157
683675093
772689859
130222049
1288203457
1970221499
1857215027
1272613033
940859473
1268686301
118001353
2129313601
1648523509
352360409
1990382137
1063778941
2072145701
1240271821
1999278587
2026288151
746072741
2135756299
1343930479
1659575681
74822477
1307567659
1830170389
170442953
1515390827
633064429
835531111
1493613001
1778916701
878240977
457742111
279038803
770074537
1505097889
17470111
839752889
1647056869
959857313
1291225357
1848841199
1179665183
1465069997
858441169
663595711
1133887973
1981843657
382340831
1231001843
1710392617
8649491
1330068977
1857969353
1895988859
1130255311
1910111807
2014966817
616918067
59963957
320953439
913791079
210986927
802930741
1579940113
1377668063
1400630921
587980271
1948303129
246551471
1578053501
1148056159
1487766421
596815717
1552996829
1277004679
1419676157
477519649
958124021
1654976311
1921944971
2007157423
1369680371
209437387
1739942599
412762699
365631619
1818207637
771936169
1877127907
511185509
1715349703
537605099
1016405693
692019899
1728126821
1020824159
1036272617
1787009347
1663375187
1050948293
467945017
1237125193
39373969
1389621671
1916513953
1104317723
1146519601
1691177687
214617943
1880365651
1747675091
23991259
1232604773
1278000949
756022081
1030821149
897603661
1130843963
1401943451
1645885499
584380919
1434752399
207667613
1067472547
1816654709
1648871321
1210228021
1418934809
693316499
1665765889
1781458417
575597797
2063483393
1108284257
1522799489
255937249
690706351
1697097791
260651299
104048327
1332091903
1292993249
216233027
173774431
259603573
1039966523
863450747
767670419
1773307969
1576855283
2040530321
973684037
26762833
1428229931
68632957
223196443
721823777
907342907
974772521
1525208369
445334639
1409350141
1457315479
50565901
1493630381
809841167
948538141
676211
2058341473
1087967501
922371319
1972235803
1304242001
1243829897
1438943543
1238866513
12669493
498278237
628355879
463698049
1555218703
1009624159
1298776399
160461599
1570922369
898307141
2068930531
923981021
1438600117
2000047307
42863129
807132517
418712513
2013497777
940034717
732570989
1643460563
110761943
474122111
941619929
1202851043
1691758097
1808608147
1000045379
526273679
1849693999
315993709
463152869
1715760569
116525051
861517219
1526300849
1653074669
1455928189
83266273
426326819
2043529193
1362891713
413040851
869713129
1512196577
1455201509
1616859133
1406201959
876951221
328433179
1264583923
1514775359
1384139191
674012699
89944781
2037220697
1813225181
868579123
1627624619
1943112911
596649847
526439171
9043121
155758991
289414043
1393970623
865644259
1831306019
550660823
1908856123
717072443
921376073
318181973
1286323417
696940813
671813357
638987773
1094974861
1284203623
249364447
636357103
503099881
1729454369
1681729667
1776959603
628932823
644497351
1678170947
1601806937
87350047
1859745049
1036457701
452055977
1951578659
465769511
1442742461
801198991
110629823
1514001961
595254073
1733360533
1428608327
537797279
1541674327
1578703783
657154933
114167737
1052666821
1111102679
1482836881
2051101147
127857887
773157521
1787807849
144449873
2092622659
939294607
2123101727
166346911
1898769947
881636641
1228466891
1480622137
851155177
1694252281
589274603
1643219951
1065779023
1845577039
940603241
1799994961
695587661
1095621193
782960249
378691
1065383519
700973437
247097597
1112801071
463569251
1972945333
914917643
409614229
1269110501
750387037
365450447
94695983
1204794077
1774661419
89799067
466008239
639000763
1417727603
1881409259
196303951
2036356859
1692050597
1521155651
493784359
1184263039
530688161
240222211
1728501829
1028811713
971817421
1776106051
1355519873
2128127363
1186106627
633188557
914394409
1712064413
1725081019
1805113801
309452383
1470280969
1237935331
1184818091
1213115693
2114319661
873387881
17025067
1312197421
1503489899
406993799
1720950793
1111208713
690256601
52974563
10244513
575298637
1808945819
542264941
248984947
702106921
1890734519
1237623523
1322553251
199225937
1331081797
107627329
1223524639
828564557
457105823
931986049
21320197
706981831
460621957
870067603
1459120843
1869509981
2134193911
1155535193
1695638311
381407567
2118674407
131419549
879012553
1105329937
996161501
1640132311
1932570533
511248169
970644443
1436230633
1310323447
909247919
737699899
1851582347
1815664601
468339931
1390188091
7348157
1808052439
926784431
1988613661
1669487507
1519017103
852891661
779960677
169379803
1065652849
430544407
2109251279
1791981047
499315937
1609693223
782426917
2061072499
1509242963
288098821
1746837577
1306903063
925940713
822640069
1770051461
1741723897
1697406499
558417073
624388403
389544713
396857977
455281447
1054888487
2001274757
501284071
1813742443
1508199509
2137709543
21503617
1492427843
1838365649
1193286961
1134013093
1529670209
1139469503
243560549
1903654751
88793651
435921929
1170318379
1328889713
921603647
558719989
667585417
1120859809
506567329
1117633417
333644039
1053066221
1925994569
25888913
959481889
1972116691
758838467
1549641209
1478231771
159716639
376040597
2292221
946814233
1334389439
2096415913
1306485407
1056369761
1431165079
1117980671
214792421
756598279
1848801419
1487581031
1217355481
669208691
1248962063
544518361
1683836591
1205162753
115178017
1451893799
1201368083
1860236867
269357591
1182935447
1562671081
1518077417
125184307
163737389
1180698907
1031855327
1183257791
1249832279
745033021
618038573
294530221
1714428319
2110924331
1689042367
771819107
1056516557
963589909
626743739
1593984211
807417659
220784771
1053628861
579986611
1655314963
1390983101
567628981
2122478537
1589673329
855997189
208843451
1681496779
989678777
1280806073
1446691691
64165001
1450835413
2038316311
1605585013
921221167
863348567
913442197
1369206361
772556819
1678515697
1227879941
78990157
590145869
1857475553
354708581
1916067661
1493403739
1328998133
994645961
22584557
172057201
1651969537
1796777051
1223039003
561082693
1194601081
412332379
46077103
553500659
1322693081
1465827679
22833149
818045783
1620107207
567964699
2049692551
1943100967
1328594669
1174789793
1604987749
1485757337
536665771
1536196843
721470353
1558100189
1761983731
550181773
564659033
1459531547
166416781
2131135231
419605037
52879969
1723523471
505862459
907645769
206819099
206037281
243135481
454745299
1005811087
22667317
124516267
1998760297
1696953169
157686439
797758219
1759637533
1177464569
1512943919
816998951
123290147
774434533
386882737
2084410663
896135971
1821319187
1020795973
1512320309
85129067
1406749163
2079806411
8775419
670424269
1627450763
626057119
823808369
145697753
1513510529
1795834177
471736907
1323218107
1332018377
1348390531
1298362361
291313591
2044523527
1981332433
956477083
1166840231
422628391
575865751
640104083
1468336267
1566183119
1796371873
864274561
552045707
156010279
822776533
1570487833
63873779
356477833
125725021
1815261631
609700471
2019421471
1351786021
693583991
1088386421
1783607557
553553219
548991043
1810757147
146763179
81142357
989432231
1829668097
1162977043
1755649361
2071731971
902127133
1409024429
1442775379
542223497
1669636721
1585236973
2058907157
809098559
1213128821
624533941
978603401
665242093
218989889
1265198873
1458958619
1818119843
1231247981
1592114327
616068191
74050517
152802019
699662053
769751933
1426235731
1511159789
268217557
1829533721
497906509
331251913
2147362397
1499053753
46216349
1024341589
1189591127
1561347313
420257393
1859023847
297847709
1388100017
1914100231
821490499
39345151
1690746131
577446589
1345685857
1600068637
566563513
2025001991
1235039557
962594177
39938033
1597199647
324966197
465030119
1227931531
2141870971
544840601
295433647
250623557
110432473
1857908551
1566661039
2027327933
1668188989
111095209
1154394757
846048083
1981473511
1727653519
139493593
362860051
993254137
662058889
1595950399
643186829
2112108899
1232787797
808637233
1515930113
1007224633
1241023757
927778843
730611449
559979633
168887759
347247871
2047223771
1296954479
414355231
1254082013
2067243203
1524960599
144414103
860632811
1538469809
747646807
1921003727
158504911
1319260867
1777382197
1312803647
396071783
109728701
1380368911
649437671
1149297727
1697648083
1153979033
487303639
501071567
1210927259
1020504601
1369228687
1462691327
1827974947
434282951
1581791039
1203349463
429914461
873568879
144363977
1294708711
174205429
1278359791
62514553
332798537
313600597
2137641923
1388442281
913188349
2097457157
1562610227
1636856159
640964371
1583513611
469806283
1056757531
954773993
775867991
1937256389
865810301
1380765539
849948097
668652091
1557571513
2068157057
37767097
800884811
1807669811
614329813
999358229
1267642543
639755927
1958998291
1001988833
1240779899
1796215373
46699073
593073737
456656119
681157991
1616588473
583037647
1685731391
1415535643
1705236317
1205591927
713064503
1960800199
1467420797
481126031
1735382027
2014245749
703821143
123833519
1029165349
1002776017
193618223
1940782517
532846031
606158009
1733912027
64771093
1689764273
1687914341
1496028497
1156827253
2025209083
1776288757
670251811
1626560413
1802066587
1641097109
1361436673
1166701169
1966916383
1466461223
1575182387
373055951
1808306221
3023653
52795163
430191733
1994116829
757783267
286824583
1469481271
542040979
587497789
221575213
179966021
974889623
1426627151
52975369
1233600437
1134807763
332411333
675137341
1843094087
833092231
1293783367
2060099467
958707991
1921123613
1484353601
1138474339
522287911
934632799
1934709947
5772617
380195369
409800577
490161127
1169970973
1528515997
1969616783
284715569
1470536339
830338081
1518941759
1570849901
1189135963
1411769209
241542617
162597931
1674331487
1284435539
13070051
1164500543
584368159
1961524681
1832948059
1661634971
1970198537
14667437
890390131
1005560167
1655008807
860978143
991706029
760323469
308290777
1014281539
530123149
1989084737
1673913497
1001987237
171303721
136529891
247167413
885242383
1233724171
989091707
283554907
1867220189
781549543
1976969651
1771980493
1396135129
1695176633
611561543
1261298393
1773594367
1642578479
531618817
795021613
62153557
1642731239
360962731
108292577
104993281
1899060011
6322777
689511223
910188281
14543603
826114147
2023186351
1177172999
326696437
658160561
1770001361
155315929
845334181
1757617229
590442071
1345058641
1957207949
543346379
1406083769
372358471
739237669
1329337643
845602451
471474433
859559431
4412383
1222915391
757665967
1366972813
2013527353
881719403
411063769
478609253
472647113
1932612481
2121516571
1783107413
598015967
1813002557
683711923
1432834027
64194421
1164299897
1773356183
219822299
1084888631
1874797909
1806127051
1120294933
290397403
435729937
15738893
239412337
126737311
530965361
1341566741
1363150549
298199939
1654684627
906260657
904987813
872739587
593871953
21758593
2078779529
1962586973
1048961077
1854862817
1884129721
1836649747
493956289
1386278599
153218609
1611941957
360210239
915824269
1070268923
1616170289
1901711099
1782070583
276718067
1084927133
1796482297
687891667
1887524741
1439140973
56702039
1079809069
1739539183
683207099
163440733
2056874453
384087989
1783385377
25429819
754234739
1964749051
1047582181
106364371
1483848089
605485613
1694939833
819588787
1310043751
245814263
1274321053
1827459493
147940453
1250921671
1574578223
1103352869
360007709
1998922061
1068777887
438628087
764410403
1490087903
224141677
868035683
831094387
43950919
2111592029
1819515949
1388747957
24696229
536863253
1121803079
64346371
627887291
2012755163
205020973
2123293247
1220742643
1126560511
696323317
1906490147
574051741
1714737091
798987647
1408022359
964719817
251726777
719099993
2034398371
1625561521
965729953
604416389
843579749
754105679
1814113927
1840563227
1942433621
1447554373
171012823
1768249031
1219423133
1578470557
1683813793
128618569
168028033
869368837
120173621
998273027
92284111
558229781
413283109
659024699
1246398929
550430567
1886907433
1400076329
96012779
337068871
211339963
458872031
874461851
920862563
381057371
590932763
81109867
1968817387
1271005049
1701166613
1590961061
440578357
231282529
816286901
1615474199
492496657
731303663
1074595127
1147076731
1893574043
486872077
1829936057
223994983
487684969
1736677289
1406839661
640375171
1231955929
1627604717
942417319
222303089
325811371
1106614211
2146241459
1481989777
1396334839
1420181669
1193834549
1596906277
2088703031
944600989
447731201
287443081
1293638179
311482607
115753367
645597437
1487163889
701005901
237554699
347851571
115762681
763158283
1040312347
43738129
1694697269
1196671337
1366447651
1545664609
662505301
1613255753
1981550887
917127437
826722719
491386453
848145359
1109840101
560115601
606864829
1228635607
800196643
2139507949
1915481839
347838593
897451481
1990169189
170138989
426219883
1988641531
665243959
1158824743
842684629
1293587653
585630917
424762759
2139052171
2146306843
1169140487
669155777
525457627
300019631
362692853
984877007
531773167
1815206863
1474807339
1798293073
1884517823
113672063
27677807
428342749
1769883509
1354018537
1058958031
736995037
1283350423
1296703741
715995947
831066317
1614607349
1809185029
1323355981
960095951
13425017
1120150907
557827937
1404495997
1139817661
1871294959
1512721121
1259956487
1999088471
537556639
2108420491
1240345903
1031040917
1262941037
10365539
591041851
622712413
1694799937
1289346059
925203757
2114900947
203743381
661994521
1102610203
742762331
1517778341
1454605073
923379179
762791011
1377661679
846224479
2015124887
912148427
203107327
66340387
1112572897
1584819217
265007461
198842003
139017283
719789221
714152773
1657761181
1531634087
1409671139
889083673
1688717227
1762668707
1491500651
980665207
1128518917
663633211
379428319
1773750911
709432211
19249847
1566201419
991313321
188573257
1723191391
1480327603
1095127949
1100933417
1463745497
352109689
1379458499
1370561567
1941641963
28958893
401365403
1081254287
45405559
1300789927
1427660011
584278397
1854569533
983673133
1701315337
1869827699
2028226997
85779571
2047831727
839437657
452785873
982280041
1421057273
456655159
552522023
1648562353
1856444389
1190862581
541803949
1314553459
99568013
195438317
586662211
1005491083
1258155487
545622097
1280902783
304780033
1649117809
1873006363
44225557
431327903
208852057
1470744181
1265415191
1991427499
1517456783
4351493
254212901
811180561
1498946591
372266597
982216987
1334278307
1360687409
1240136903
949455803
644083873
365263267
1080058303
665227307
2053095211
938845403
1194793471
1110005389
1243906921
1374310303
54157247
1718247067
676043141
521683411
1108401881
1615313201
1938111433
26268097
1821728369
1154169629
1736106587
799862677
1573297541
1844002859
36077933
1909615313
1013387113
1906432919
1542516329
845301341
216546199
733559819
2146834367
1894853783
586974803
1629508981
1926091729
1549817887
1985951089
1173687727
1668418561
1703064283
691264219
630379037
270262183
480599011
1228918903
1687708751
2027219377
1295440667
1324477267
1875562487
1615315957
2146422953
944041057
1185210827
753722531
1670619107
456660793
100868917
1336345321
1118118193
290880313
731776147
1980690431
1962606757
2058984623
603417757
1238802157
370217521
942412847
66838879
116628937
1838689597
18097753
481616831
322068941
1123343933
2122846721
1157718239
1505957417
1442338109
325839197
920878333
337418351
14915311
1632484223
998219797
171832501
2009442151
1316788427
956289517
430029599
294644083
1666813949
367283473
1337669687
986744501
2033622313
343527407
1536919229
2098763153
1858236521
775407881
40440419
1151148721
152613599
1342507597
847586423
548726333
655148531
962433247
1371909403
863950921
1332328931
924305377
1975581661
869343031
1474951109
1760890771
1979539337
1460244899
713368951
1053386599
236923957
660007603
1357747817
1050990107
799997533
1848914233
570458093
441904381
1172165503
197070779
480334787
1467751247
787458263
1116136447
2049008329
200511383
1943833501
319208587
1287610231
1416625783
82125139
230535859
264365527
110377199
589048723
1257898183
171823903
1111158157
2027291269
1091123441
281231693
1306026613
1710751969
1965807313
98315467
1879116157
1106320597
1435874663
441230899
255863351
775932341
1085424623
640243193
236689727
477665417
269556697
1420755547
708857711
2011200371
467464009
1679391407
978173641
610529827
1931290901
1538341841
1260212477
1329631483
1594746253
1453956073
945433513
1977478627
1392334549
1047501929
1324800151
312144263
1166938249
1140952151
503137207
477116357
2075553019
1811447413
912520093
1565165191
1647777557
147327329
1267057829
119232013
346663511
1327783361
1297791191
1074172481
801760331
1333620391
512697839
1359443089
931342667
29337281
867256177
846417697
488024531
1940069317
1314666191
194264377
1621203313
1405420871
174856219
1255858061
112689671
951192629
388567297
1617111919
1285672727
755300999
27251771
805719007
27293141
1418888477
1832880701
990187507
1550567147
1726254217
1298208721
1149520103
1933838377
1954333471
164961877
1247436383
44782079
2132000327
1764775163
1440265093
1114244111
715847507
1083716099
943541623
678512873
1522900567
791907913
1324980259
2049194419
684948851
1950207997
14237411
1814673227
1365856091
1407406123
667250333
116097343
319363361
304252297
962537881
421678273
1662969719
347338561
921088417
579833599
1096091327
2056615723
620963669
568233079
1782974653
1298303351
1000988591
1992233741
372583051
1374007237
1928600591
141863629
671767709
1358036083
238095763
1450960711
75574253
1007109827
865273111
1056782171
1730810791
343686373
1780099273
1540342241
462973943
2121441613
1692527587
2026387163
52164199
2127087533
294520381
33208411
469505383
474698473
1511663533
557297849
869545351
1065811771
1354068013
1135951009
1471865203
83282413
291207557
116869153
1376560903
1250584459
1357950641
720797087
1037233
5736737
1751776583
1420031087
1387040191
706014623
534640553
119744629
97621757
373063787
376235957
303250763
1184857523
584744383
1296614519
873311399
625308007
1877751979
1007114617
1811704619
1894631449
111256883
1992805109
1215970433
1467937673
1546153673
337910723
400102739
2042598143
313546291
605796469
987879251
780033601
1988065819
1293944573
703519321
1670466727
150519329
1896696523
731376689
575501879
517552339
224752999
1180728551
2047249283
1813111711
1094659691
32925407
992631209
688478177
1496801651
374768321
2029394677
1557589109
637166711
797262437
188891113
1356306503
957245411
1907047991
508978081
202686931
658937987
181345403
1207360849
1336553111
896918969
1175132207
1065201847
1297668629
1680771167
346979813
1206431321
1607624509
1024266161
1026014201
1128598411
837210937
1868820623
46408031
855293053
14372261
151273379
536499163
220647377
380235179
821885437
2097741119
1905279793
928468067
211842217
1473757121
820140103
464516033
97455179
1943164781
676358251
1886021513
2133716161
1691731403
955916399
1066118021
823237861
1509219893
670383361
1923812249
1089978707
792256733
448243057
1135544537
6516971
505589813
1878887083
1417976869
1473539807
1977212521
200903497
1452748981
69420641
29431949
1406988577
16580087
1120295513
1930680149
1642112341
446300873
1393393787
1531642487
171562331
485916091
703865303
554605537
164103349
1879019657
4399723
223068707
97090027
404513647
707610671
950217617
1160378477
162655483
1172930923
254958551
742077701
1784321537
156762761
1395832063
847473791
1273303099
1212166601
541222147
489157369
1432313881
874233137
683336477
1553170517
1117466351
965260393
8217023
1264694287
974062087
1336320067
364833467
2038420877
2109291559
1378507843
636210833
170739353
1891622911
594762761
272453759
426538153
954400103
279913957
156537643
619680679
26858287
82077629
496546979
627816139
410532841
1727827349
2082704621
395253049
101193067
437769901
1483906577
949463729
1761230873
1752604411
2145587651
1611101663
623171161
1852379153
1975268143
504062527
1814946083
1293858131
1726210763
1345478573
1150677509
958769387
1269287321
190106639
512663887
1395320083
1506894029
140592247
2049284441
1906134899
2066929451
224217667
1111375999
931607587
2129476961
496074209
1456449221
1183011659
805483963
1649938943
1681716763
889486973
1355368031
2051889899
513957593
1077158647
849394597
1439324801
1721588497
356590813
1298640389
1750818011
398492363
940943851
1823351729
1693827701
440622827
370801429
104608741
617797693
1816228789
2057747533
170998661
1503035539
938968567
806295851
703560199
950218301
925176061
1362343987
1229658541
492074237
1636627877
1913588029
896676863
1817787343
1267029139
77754029
1161135637
318662689
1890569333
1440272983
32419001
357028631
1156127179
210408449
932215367
1356719981
266339657
1128432493
1907802647
281099761
625882349
1636712531
527826769
336847109
1906930813
684119731
410034949
515239369
1978376831
98275451
525863033
288367543
524509627
2049625967
676964657
327753709
1274932903
1410065843
759113119
1017750403
507890809
814895717
1873057
1524128537
1162851649
884617693
1086071761
1767280961
1801816903
2070664567
1970937559
2080773559
146662991
1659726149
1271470927
527720363
1370417491
1519625269
847755743
1415155733
2108904209
1419520261
1584278951
2050698673
667558169
1831471619
549297487
1763787871
1059548593
182591179
2071893541
1431557761
1972662089
1841583011
199893007
907317121
867568469
524036759
2123996183
128785417
515218829
1418719031
852514309
2016141703
1995337261
1288303411
907536587
1244832451
766747301
449909849
454741927
525608777
86550517
814303543
822224759
12770837
1671988309
1338309677
1929640751
1317031913
1018811117
106857749
472369789
1360921207
2096634823
237320537
302704277
1055244643
902674543
127417897
59909287
1265989183
1306333631
636823541
2081083523
1221711013
5958301
5408393
277952383
781314613
354859033
658436921
1353709073
1422134783
1595653559
1510756981
1556956381
805827151
1367225611
199934843
867451019
693507977
1636463267
2106299119
580561913
369086351
61023553
717335249
37571509
766138517
1973353709
1332345241
2032786111
1933791593
938222053
1451175161
210012823
653803937
2141795569
429893689
1944501241
686030221
720016519
265838317
1522917023
1011192593
1273954441
855086509
863263001
945357797
463307231
1240407359
163009081
1502905993
27907631
613208153
1153514741
1021227461
2109504017
1474906001
971508529
492255641
497669213
1526499109
1507374229
298762463
18074531
954622321
469464491
1184913127
488293153
1081934603
254930807
4653757
255918739
1397208041
1434082547
1425558731
808942151
567772313
499611271
1494973043
2033060389
774532817
3986747
195634519
600684389
1178406637
2049490559
1733478127
1380309481
1308617119
880144351
411718651
160426769
1212450541
1460887837
252644297
152494637
697842433
48506779
1830296773
1004966437
1346742377
1008668159
1138142539
1471419437
1538821859
332258347
2075535299
1136562527
1902034639
2094484393
1609980679
955427959
513059993
1670205473
947065961
612350821
1338939187
1571773543
2044872259
1099729573
2099101583
1806234569
898281283
1660464073
877529129
516349247
1353160643
2022684749
606546583
1351950071
1073849549
1964673091
855840763
456745141
296615453
1839364741
1890721907
63146641
1633661893
1196070257
261120131
170237783
294046691
1430705447
1972790747
814332131
779742959
953928719
205367611
1548655859
341041891
1913768809
1654089739
1409987387
1288786547
1069231391
99127993
1858928909
1891405889
315822809
247984351
1737280417
438355667
96381463
1740878677
468041153
1072021891
684144767
192357677
2043314447
1710472193
1346096617
1376848901
557525789
1250360941
990090853
1487817467
1584990593
871676483
349999847
1317787441
1532469847
1964582701
791059799
1869721603
496283189
82334453
423579797
370752259
498484559
159811097
2132008079
196359431
1088721149
2133766049
67319449
713341547
1317883363
47220293
400438037
1500930971
1352650307
305431909
94081679
843943141
2024448851
1155113957
1329370697
2104013477
2014493737
363848311
219992821
2021946673
211874191
468347119
1698887167
1972051583
1917734729
617586017
248638477
1855034501
248615737
248676359
1411778999
1446305723
1589762561
1990819603
1136039057
1546499417
969564787
1804938599
40337641
1462247539
1547833897
652028753
1323423901
918415037
381183119
89405413
1790903057
1532387743
1907673247
1468068319
411897917
1517984087
2032686989
389593909
306784109
347015587
967937479
1013171101
715565419
83570659
106063151
26059867
1031156387
1860035339
1022242951
1085925403
1923116339
157732997
2030199863
395164067
1695036019
1970977937
928583303
1171710773
1320876001
341930363
