62523061
154125871
367576901
1812505621
1454269321
1313074319
565896011
417269899
497684459
1869530381
1781952281
279228583
1922213123
1361068453
1764317677
186966419
459976817
666892003
355794937
991703893
1677813437
1967296103
2044464299
236340673
1102360657
1465949477
676419697
2053016153
1707127141
765530291
945233593
394129247
663488269
1141644841
940184029
492050483
1119327707
1738659959
125289821
1703456927
392303759
2140181839
1203344033
1185524531
164270287
1909907977
635530009
1257090061
395080943
631304029
1979070007
1746583673
36716171
862351507
1359998933
2101513573
323102041
2085777077
92851571
1406039617
341701739
992463541
1025658983
1426835441
1201843751
498691561
944017201
654966523
709045889
1335311911
809444177
1564617503
1442084921
862277917
1329043421
461387141
1096776173
112094621
69395063
250022537
913656979
1040391881
1336559881
717824417
1517609887
409044821
2104470691
1296753779
480457699
1398147227
1682811047
760796683
2038662727
414847637
2136688769
870529787
1077431041
30079463
1607276513
1363722749
538014023
2089819001
325100257
1575447733
836898169
1354365319
941567953
1517283553
1959737053
2041484663
1628427583
1377873767
835145609
1550918081
1631591407
1405469869
1397928817
1260919493
1965661813
1419736261
1654976311
582169993
1272613033
252077767
157192873
1479316739
1155241859
505557527
25761157
236699081
683675093
772689859
130222049
1555096687
1288203457
1857215027
1970221499
940859473
1648523509
2129313601
1268686301
118001353
352360409
1063778941
1990382137
2072145701
1240271821
1999278587
2135756299
2026288151
746072741
1343930479
1659575681
1307567659
1515390827
74822477
1830170389
633064429
170442953
1493613001
1778916701
835531111
457742111
878240977
1505097889
279038803
770074537
839752889
1647056869
17470111
959857313
1291225357
1179665183
1848841199
1465069997
1981843657
858441169
663595711
1133887973
382340831
1231001843
1710392617
1857969353
8649491
1895988859
1330068977
1130255311
1910111807
2014966817
616918067
320953439
59963957
913791079
210986927
802930741
1579940113
1377668063
587980271
1400630921
1948303129
1552996829
1578053501
246551471
1148056159
596815717
1487766421
1277004679
1419676157
477519649
958124021
1921944971
2007157423
209437387
1739942599
1369680371
1877127907
412762699
1818207637
1434752399
365631619
771936169
511185509
1715349703
1016405693
537605099
692019899
1728126821
1020824159
1787009347
1663375187
1036272617
1050948293
467945017
1237125193
1389621671
1916513953
39373969
1104317723
1146519601
1691177687
1880365651
214617943
1747675091
23991259
861517219
1232604773
1278000949
756022081
1030821149
1130843963
897603661
1645885499
1401943451
584380919
1418934809
1067472547
207667613
1816654709
1210228021
1665765889
1648871321
1781458417
693316499
575597797
2063483393
1108284257
1522799489
690706351
255937249
1697097791
1332091903
104048327
260651299
1292993249
216233027
173774431
259603573
1039966523
863450747
767670419
1773307969
1576855283
2040530321
26762833
1428229931
973684037
223196443
68632957
721823777
907342907
1525208369
1409350141
974772521
445334639
1457315479
1493630381
50565901
948538141
809841167
676211
2058341473
1972235803
1087967501
1438943543
922371319
1304242001
1243829897
628355879
498278237
12669493
1238866513
463698049
1298776399
1555218703
160461599
1570922369
1009624159
898307141
2068930531
1438600117
2000047307
418712513
923981021
807132517
42863129
2013497777
940034717
732570989
1643460563
474122111
110761943
1202851043
1691758097
941619929
1808608147
526273679
1000045379
1849693999
463152869
315993709
1715760569
1526300849
116525051
1728501829
1653074669
1455928189
426326819
1362891713
83266273
869713129
413040851
1455201509
1512196577
1616859133
876951221
1406201959
1264583923
2043529193
1514775359
328433179
1384139191
674012699
868579123
89944781
2037220697
1813225181
1627624619
596649847
526439171
9043121
1393970623
289414043
865644259
1831306019
1908856123
550660823
155758991
717072443
921376073
1943112911
1286323417
318181973
696940813
671813357
638987773
1094974861
1284203623
249364447
636357103
1729454369
1681729667
628932823
1776959603
503099881
1601806937
1643219951
644497351
87350047
1678170947
1036457701
452055977
1859745049
1951578659
465769511
801198991
1442742461
110629823
595254073
1514001961
1428608327
537797279
1733360533
1541674327
1578703783
657154933
114167737
1052666821
1482836881
1111102679
2051101147
127857887
773157521
1787807849
144449873
939294607
2092622659
1898769947
166346911
1228466891
2123101727
1480622137
881636641
589274603
1694252281
851155177
940603241
1065779023
1845577039
695587661
1799994961
1095621193
782960249
378691
1065383519
700973437
247097597
463569251
1972945333
1112801071
914917643
1269110501
409614229
750387037
365450447
94695983
1204794077
1774661419
89799067
466008239
702106921
196303951
639000763
1417727603
1881409259
1521155651
2036356859
493784359
1692050597
530688161
240222211
1184263039
1028811713
971817421
1776106051
2128127363
1355519873
1186106627
633188557
914394409
1712064413
1725081019
1805113801
309452383
1237935331
1470280969
1184818091
1213115693
2114319661
1312197421
873387881
17025067
406993799
1720950793
1503489899
1111208713
690256601
52974563
575298637
10244513
542264941
248984947
1808945819
1237623523
1322553251
1890734519
199225937
1331081797
107627329
1223524639
828564557
457105823
21320197
931986049
460621957
706981831
870067603
1459120843
1869509981
2134193911
1155535193
1695638311
381407567
2118674407
879012553
131419549
1105329937
996161501
1640132311
1932570533
511248169
1436230633
970644443
1310323447
909247919
737699899
1815664601
1851582347
1390188091
468339931
926784431
7348157
1808052439
1519017103
1988613661
1669487507
852891661
779960677
169379803
1065652849
2109251279
430544407
1791981047
499315937
782426917
1609693223
1509242963
288098821
2061072499
1746837577
1306903063
925940713
822640069
558417073
1770051461
624388403
1741723897
1697406499
389544713
455281447
396857977
1054888487
501284071
2001274757
2137709543
1813742443
1508199509
1492427843
21503617
1193286961
1838365649
1529670209
1134013093
243560549
1139469503
1903654751
88793651
435921929
921603647
1170318379
1328889713
558719989
667585417
1120859809
1117633417
1053066221
506567329
333644039
25888913
1925994569
1972116691
959481889
758838467
159716639
1549641209
1478231771
376040597
946814233
1518077417
2292221
2096415913
1334389439
1306485407
1056369761
1117980671
1431165079
214792421
756598279
1848801419
1487581031
1217355481
1248962063
669208691
544518361
1451893799
1683836591
115178017
1205162753
1201368083
269357591
1860236867
1182935447
125184307
1562671081
163737389
1031855327
1183257791
1249832279
1180698907
618038573
745033021
1714428319
2110924331
1689042367
771819107
1056516557
294530221
963589909
626743739
913442197
1593984211
579986611
807417659
1053628861
220784771
1655314963
1390983101
2122478537
567628981
855997189
1589673329
208843451
1681496779
1280806073
989678777
1446691691
64165001
2038316311
1450835413
1605585013
921221167
863348567
1369206361
1328594669
772556819
1227879941
1678515697
78990157
590145869
1857475553
354708581
1916067661
1493403739
1328998133
994645961
22584557
172057201
561082693
1651969537
1796777051
1223039003
412332379
1194601081
46077103
553500659
1465827679
1322693081
22833149
818045783
1620107207
567964699
2049692551
1943100967
1174789793
1604987749
1485757337
1536196843
536665771
721470353
1558100189
564659033
1761983731
550181773
166416781
1459531547
419605037
52879969
2131135231
206819099
1723523471
505862459
907645769
206037281
243135481
454745299
22667317
1005811087
124516267
1998760297
157686439
1696953169
1759637533
797758219
1177464569
123290147
1512943919
816998951
774434533
386882737
896135971
2084410663
1512320309
1020795973
85129067
2079806411
1821319187
8775419
1406749163
670424269
1627450763
626057119
145697753
823808369
1513510529
1795834177
1323218107
471736907
1348390531
1332018377
1298362361
291313591
2044523527
1981332433
956477083
422628391
1166840231
575865751
640104083
1468336267
1566183119
1796371873
864274561
552045707
156010279
822776533
1570487833
63873779
356477833
125725021
1815261631
609700471
2019421471
693583991
1351786021
1088386421
1783607557
553553219
1210927259
548991043
1810757147
989432231
81142357
146763179
1162977043
1829668097
1755649361
2071731971
902127133
1409024429
1442775379
542223497
1669636721
1585236973
809098559
2058907157
1213128821
624533941
978603401
665242093
218989889
1265198873
1458958619
1818119843
1231247981
1592114327
616068191
74050517
152802019
699662053
769751933
1426235731
1511159789
268217557
1829533721
497906509
331251913
2147362397
1499053753
46216349
1024341589
1189591127
1561347313
297847709
420257393
1859023847
1388100017
39345151
1914100231
1690746131
821490499
577446589
1345685857
1600068637
566563513
2025001991
1235039557
962594177
39938033
1597199647
324966197
465030119
1227931531
295433647
544840601
250623557
1857908551
110432473
2141870971
1566661039
1668188989
111095209
1154394757
2027327933
846048083
1727653519
1981473511
139493593
362860051
993254137
662058889
1595950399
2112108899
643186829
1232787797
1515930113
1007224633
808637233
927778843
730611449
1241023757
559979633
347247871
168887759
1296954479
2047223771
414355231
1254082013
1777382197
2067243203
144414103
1524960599
747646807
1921003727
1538469809
158504911
1319260867
396071783
1312803647
860632811
487303639
1153979033
1380368911
109728701
649437671
1149297727
1697648083
501071567
1020504601
1369228687
1462691327
1827974947
434282951
1294708711
1581791039
1203349463
429914461
144363977
873568879
174205429
1278359791
62514553
332798537
313600597
2137641923
1388442281
913188349
1636856159
1562610227
640964371
469806283
1583513611
1056757531
954773993
775867991
1937256389
865810301
2097457157
1380765539
849948097
668652091
2068157057
1557571513
800884811
1807669811
37767097
614329813
999358229
639755927
1958998291
1796215373
1001988833
1267642543
1240779899
46699073
593073737
1616588473
456656119
681157991
583037647
1685731391
1415535643
1205591927
713064503
1705236317
1960800199
1467420797
1735382027
703821143
481126031
2014245749
123833519
1002776017
193618223
1029165349
532846031
1940782517
1733912027
606158009
64771093
1689764273
1687914341
1156827253
1496028497
2025209083
1776288757
1802066587
670251811
1626560413
1361436673
1166701169
1966916383
1466461223
1641097109
1575182387
1808306221
3023653
373055951
52795163
1994116829
430191733
286824583
757783267
542040979
221575213
587497789
1469481271
179966021
52975369
974889623
1426627151
332411333
1233600437
1134807763
675137341
1843094087
104993281
833092231
1293783367
1773594367
958707991
2060099467
1921123613
1138474339
1484353601
522287911
5772617
934632799
380195369
1934709947
409800577
490161127
1169970973
284715569
1528515997
830338081
1470536339
1969616783
1518941759
1570849901
1411769209
162597931
241542617
1189135963
13070051
1284435539
584368159
1674331487
1164500543
1832948059
890390131
14667437
1661634971
1961524681
1970198537
1005560167
1014281539
760323469
860978143
991706029
1655008807
308290777
530123149
1001987237
1989084737
1673913497
171303721
136529891
247167413
885242383
1233724171
283554907
989091707
781549543
1867220189
1261298393
1396135129
1976969651
1771980493
1695176633
611561543
1363150549
531618817
62153557
795021613
1642578479
360962731
108292577
6322777
1642731239
1899060011
14543603
689511223
910188281
1177172999
826114147
2023186351
326696437
155315929
658160561
1770001361
845334181
590442071
1345058641
757665967
1757617229
1957207949
372358471
543346379
739237669
1329337643
471474433
4412383
845602451
1406083769
859559431
881719403
2013527353
411063769
478609253
472647113
1366972813
1222915391
2121516571
1932612481
1683813793
598015967
683711923
1783107413
1813002557
64194421
1164299897
1773356183
1084888631
219822299
1806127051
1120294933
290397403
435729937
15738893
1874797909
239412337
126737311
1341566741
530965361
298199939
1654684627
904987813
593871953
21758593
906260657
872739587
2078779529
1962586973
1048961077
1854862817
493956289
1884129721
1836649747
153218609
1386278599
360210239
1432834027
1611941957
1070268923
915824269
276718067
1782070583
1616170289
1901711099
1084927133
1439140973
56702039
1796482297
687891667
1887524741
1079809069
163440733
683207099
1739539183
384087989
25429819
2056874453
754234739
1783385377
1047582181
106364371
1964749051
1694939833
1483848089
605485613
819588787
245814263
1274321053
1310043751
1827459493
147940453
1250921671
1103352869
1574578223
360007709
1068777887
1998922061
764410403
438628087
224141677
1490087903
831094387
868035683
43950919
1819515949
24696229
2111592029
536863253
1388747957
1121803079
64346371
627887291
205020973
2012755163
2123293247
1220742643
696323317
574051741
1906490147
1714737091
798987647
964719817
1126560511
1408022359
251726777
719099993
1625561521
604416389
843579749
965729953
2034398371
754105679
1942433621
1840563227
1814113927
171012823
1219423133
1447554373
1768249031
128618569
869368837
168028033
998273027
1578470557
1193834549
92284111
120173621
558229781
659024699
413283109
1246398929
1886907433
550430567
96012779
337068871
211339963
1400076329
458872031
874461851
920862563
590932763
381057371
81109867
1271005049
440578357
1968817387
1701166613
1590961061
1615474199
231282529
816286901
492496657
731303663
1074595127
1893574043
486872077
1147076731
1829936057
487684969
223994983
1736677289
640375171
1406839661
1231955929
222303089
942417319
1627604717
325811371
1106614211
1481989777
1396334839
1420181669
2146241459
1596906277
447731201
2088703031
944600989
287443081
1293638179
115753367
311482607
645597437
585630917
237554699
115762681
1487163889
347851571
701005901
43738129
763158283
1040312347
1694697269
662505301
1196671337
1366447651
1545664609
1613255753
917127437
1981550887
826722719
491386453
848145359
560115601
606864829
1109840101
800196643
1228635607
347838593
897451481
2139507949
1915481839
170138989
426219883
1990169189
1988641531
665243959
842684629
1158824743
1293587653
424762759
669155777
2146306843
525457627
1169140487
300019631
2139052171
362692853
984877007
531773167
1798293073
1474807339
113672063
27677807
1815206863
1884517823
428342749
1058958031
1769883509
1354018537
736995037
1283350423
1296703741
831066317
715995947
1614607349
13425017
1809185029
960095951
1323355981
1120150907
557827937
1404495997
1999088471
1139817661
1512721121
1871294959
1259956487
537556639
1240345903
1031040917
2108420491
10365539
1262941037
591041851
622712413
1648562353
1289346059
925203757
1694799937
203743381
2114900947
1102610203
661994521
923379179
742762331
1517778341
1454605073
762791011
1377661679
846224479
66340387
203107327
912148427
2015124887
139017283
198842003
265007461
1112572897
1584819217
719789221
714152773
1409671139
1531634087
1657761181
1762668707
1491500651
889083673
1688717227
980665207
1128518917
663633211
19249847
379428319
709432211
1773750911
1566201419
991313321
188573257
1480327603
1723191391
1095127949
1100933417
1379458499
352109689
1463745497
28958893
401365403
1081254287
45405559
584278397
1427660011
1370561567
1300789927
1854569533
983673133
1869827699
85779571
1701315337
2028226997
2047831727
982280041
452785873
839437657
1421057273
456655159
552522023
1856444389
1314553459
99568013
1190862581
541803949
195438317
586662211
1005491083
1649117809
1258155487
545622097
304780033
1280902783
431327903
1873006363
44225557
208852057
1941641963
1470744181
1265415191
4351493
1517456783
1991427499
254212901
811180561
1498946591
372266597
982216987
1334278307
1360687409
949455803
1240136903
644083873
365263267
665227307
1080058303
938845403
1736106587
2053095211
1374310303
1110005389
1194793471
676043141
54157247
1243906921
521683411
1718247067
1108401881
1154169629
1938111433
1615313201
26268097
1821728369
1573297541
36077933
799862677
1013387113
1844002859
1909615313
1542516329
1906432919
216546199
733559819
845301341
2146834367
1894853783
586974803
1549817887
1629508981
1926091729
1668418561
1985951089
1173687727
691264219
630379037
270262183
1703064283
480599011
1228918903
1687708751
2027219377
1295440667
1324477267
1875562487
2146422953
1185210827
753722531
1615315957
944041057
456660793
100868917
1670619107
1962606757
1336345321
290880313
731776147
1118118193
603417757
1980690431
1238802157
2058984623
18097753
66838879
370217521
116628937
1838689597
942412847
481616831
322068941
1123343933
1157718239
1505957417
2122846721
1293944573
1442338109
14915311
325839197
998219797
337418351
920878333
1632484223
171832501
956289517
430029599
294644083
2009442151
1316788427
1666813949
367283473
986744501
343527407
1337669687
2033622313
1536919229
775407881
40440419
152613599
1151148721
1342507597
2098763153
548726333
655148531
847586423
962433247
863950921
1858236521
1371909403
1332328931
924305377
869343031
1975581661
1760890771
1474951109
1053386599
713368951
1460244899
660007603
236923957
1979539337
1357747817
1050990107
799997533
570458093
1848914233
441904381
197070779
1172165503
480334787
787458263
1467751247
1116136447
200511383
2049008329
1943833501
319208587
82125139
230535859
1287610231
264365527
110377199
1416625783
589048723
171823903
1257898183
1111158157
2027291269
1091123441
281231693
1306026613
1710751969
98315467
441230899
1965807313
1435874663
1879116157
1106320597
255863351
775932341
236689727
477665417
1085424623
640243193
269556697
708857711
1420755547
978173641
2011200371
467464009
1679391407
610529827
1931290901
1538341841
1260212477
1594746253
1329631483
1453956073
945433513
1977478627
1392334549
1047501929
312144263
1166938249
1324800151
1140952151
503137207
477116357
2075553019
1811447413
912520093
1565165191
1647777557
147327329
1267057829
119232013
346663511
1297791191
1327783361
801760331
1074172481
512697839
1359443089
29337281
931342667
846417697
867256177
488024531
1940069317
194264377
1314666191
1405420871
174856219
112689671
1621203313
1255858061
951192629
388567297
1617111919
755300999
1285672727
27251771
27293141
805719007
1832880701
990187507
1418888477
1550567147
1726254217
1954333471
1298208721
1149520103
164961877
1933838377
1247436383
44782079
1333620391
2132000327
1764775163
1114244111
1440265093
715847507
943541623
1083716099
678512873
1407406123
1522900567
791907913
1324980259
14237411
2049194419
1950207997
684948851
1814673227
1365856091
116097343
667250333
319363361
304252297
347338561
421678273
962537881
1662969719
921088417
579833599
620963669
1096091327
568233079
2056615723
1782974653
1298303351
1000988591
372583051
1928600591
1374007237
1992233741
141863629
238095763
671767709
1358036083
75574253
1007109827
1450960711
865273111
1056782171
1730810791
1780099273
343686373
462973943
1540342241
294520381
1692527587
52164199
2121441613
2026387163
33208411
83282413
1511663533
2127087533
557297849
474698473
1135951009
1354068013
469505383
1065811771
291207557
116869153
1376560903
869545351
1250584459
720797087
1471865203
1751776583
1037233
5736737
1357950641
534640553
1420031087
119744629
1387040191
706014623
97621757
376235957
373063787
1184857523
584744383
625308007
873311399
1877751979
1811704619
1296614519
1007114617
303250763
111256883
1894631449
1992805109
1215970433
337910723
2042598143
1546153673
1467937673
400102739
313546291
780033601
987879251
605796469
703519321
150519329
731376689
1988065819
1670466727
1896696523
224752999
575501879
517552339
1180728551
2047249283
32925407
1094659691
688478177
1813111711
992631209
374768321
2029394677
1496801651
1557589109
637166711
797262437
188891113
1356306503
1907047991
508978081
957245411
202686931
1207360849
181345403
658937987
1336553111
896918969
1065201847
1175132207
346979813
1297668629
1206431321
1680771167
1607624509
1024266161
837210937
1128598411
1026014201
14372261
46408031
1868820623
151273379
855293053
536499163
380235179
220647377
821885437
1905279793
1473757121
820140103
211842217
2097741119
928468067
97455179
1943164781
464516033
676358251
1886021513
955916399
2133716161
1691731403
1066118021
1509219893
670383361
823237861
1923812249
1089978707
1135544537
792256733
6516971
448243057
505589813
1878887083
1473539807
1977212521
1417976869
69420641
200903497
29431949
1452748981
1120295513
16580087
1406988577
1930680149
446300873
1642112341
1393393787
171562331
485916091
1531642487
703865303
1879019657
164103349
554605537
4399723
223068707
97090027
404513647
707610671
950217617
1160378477
162655483
1172930923
742077701
254958551
156762761
1395832063
847473791
1273303099
1784321537
1212166601
541222147
1432313881
489157369
874233137
683336477
1117466351
8217023
1553170517
965260393
1264694287
1336320067
364833467
974062087
2038420877
2109291559
636210833
1378507843
170739353
272453759
426538153
279913957
954400103
594762761
1891622911
156537643
26858287
619680679
82077629
496546979
627816139
410532841
101193067
395253049
1727827349
437769901
2082704621
949463729
1761230873
1752604411
1483906577
1611101663
623171161
2145587651
1852379153
504062527
1814946083
1975268143
1726210763
1345478573
1293858131
1150677509
958769387
190106639
512663887
1395320083
1269287321
140592247
1506894029
2066929451
2049284441
224217667
1111375999
1456449221
1906134899
931607587
2129476961
496074209
805483963
1183011659
1649938943
1681716763
1355368031
889486973
1721588497
513957593
1077158647
2051889899
849394597
1439324801
356590813
1750818011
398492363
1298640389
1693827701
1823351729
440622827
2057747533
1816228789
104608741
370801429
617797693
170998661
938968567
806295851
1503035539
950218301
1362343987
925176061
703560199
1229658541
1636627877
492074237
1913588029
896676863
1817787343
77754029
1161135637
1267029139
1890569333
318662689
357028631
1440272983
32419001
210408449
1128432493
1156127179
1356719981
932215367
266339657
281099761
1907802647
625882349
1636712531
527826769
336847109
515239369
684119731
410034949
1978376831
98275451
524509627
1906930813
525863033
288367543
676964657
2049625967
759113119
1274932903
1017750403
507890809
327753709
1410065843
1873057
814895717
1524128537
1162851649
884617693
1801816903
1086071761
1767280961
2070664567
2080773559
1271470927
146662991
1970937559
1659726149
1370417491
1519625269
527720363
1415155733
847755743
2108904209
1584278951
2050698673
1419520261
1831471619
667558169
1763787871
182591179
1059548593
549297487
1972662089
199893007
1841583011
1431557761
2071893541
867568469
2123996183
524036759
128785417
1418719031
852514309
515218829
2016141703
1244832451
940943851
907536587
766747301
449909849
525608777
454741927
822224759
86550517
1338309677
814303543
1288303411
12770837
1929640751
1671988309
1018811117
106857749
472369789
1360921207
1317031913
237320537
302704277
1055244643
902674543
127417897
2096634823
1265989183
59909287
1995337261
1306333631
636823541
1221711013
2081083523
5958301
5408393
781314613
1353709073
354859033
277952383
658436921
1556956381
1595653559
1510756981
805827151
1367225611
1422134783
199934843
693507977
867451019
1636463267
580561913
369086351
766138517
2106299119
907317121
717335249
61023553
37571509
1973353709
1332345241
938222053
2032786111
1451175161
1933791593
210012823
653803937
686030221
1944501241
2141795569
429893689
720016519
265838317
1011192593
1273954441
855086509
863263001
1522917023
463307231
1240407359
163009081
1502905993
945357797
27907631
613208153
1153514741
1021227461
2109504017
1474906001
492255641
971508529
1526499109
1507374229
497669213
298762463
18074531
954622321
469464491
1184913127
488293153
1081934603
254930807
1397208041
4653757
255918739
1434082547
808942151
499611271
567772313
195634519
2033060389
3986747
774532817
600684389
2049490559
1178406637
1308617119
1733478127
160426769
411718651
1380309481
880144351
252644297
1460887837
1212450541
152494637
697842433
1004966437
48506779
1830296773
1138142539
1346742377
1008668159
1471419437
332258347
2075535299
1538821859
1136562527
955427959
2094484393
1902034639
1609980679
513059993
1670205473
947065961
1338939187
612350821
1571773543
2044872259
1099729573
2099101583
1806234569
898281283
877529129
1660464073
516349247
1353160643
2022684749
1073849549
606546583
1351950071
456745141
855840763
296615453
1890721907
63146641
1839364741
1964673091
1196070257
1633661893
170237783
261120131
294046691
1972790747
779742959
1430705447
953928719
814332131
205367611
1654089739
341041891
1913768809
1548655859
1891405889
1069231391
99127993
1409987387
1494973043
315822809
1737280417
1740878677
247984351
438355667
96381463
468041153
684144767
1710472193
1072021891
192357677
2043314447
1346096617
1376848901
990090853
1250360941
557525789
871676483
1584990593
349999847
1532469847
1317787441
496283189
1869721603
791059799
82334453
1964582701
423579797
498484559
159811097
2132008079
196359431
370752259
1487817467
2133766049
67319449
1088721149
713341547
47220293
400438037
1500930971
1317883363
305431909
94081679
2024448851
1352650307
1155113957
2014493737
2104013477
843943141
363848311
219992821
1329370697
211874191
468347119
2021946673
1698887167
248638477
1917734729
617586017
1972051583
1411778999
248615737
1855034501
248676359
1446305723
1589762561
1136039057
1546499417
1804938599
1990819603
969564787
40337641
1547833897
1323423901
652028753
1462247539
918415037
381183119
89405413
1790903057
1532387743
1907673247
1468068319
411897917
1517984087
306784109
389593909
2032686989
347015587
967937479
106063151
83570659
715565419
1013171101
26059867
1085925403
1031156387
1022242951
1860035339
157732997
1923116339
1970977937
2030199863
395164067
1695036019
1171710773
1320876001
928583303
341930363
1858928909
1288786547
1425558731
